# wave inc_stell trans_stel diffuse_spec sum
2.99396e+01	1.512e-02	2.641e-06	1.203e-03	1.206e-03
2.98400e+01	1.527e-02	2.668e-06	2.086e-02	2.087e-02
2.97407e+01	1.543e-02	2.695e-06	1.210e-03	1.212e-03
2.96418e+01	1.559e-02	2.723e-06	1.213e-03	1.216e-03
2.95431e+01	1.574e-02	2.751e-06	1.219e-03	1.222e-03
2.94448e+01	1.591e-02	2.779e-06	1.226e-03	1.229e-03
2.93468e+01	1.607e-02	2.807e-06	9.069e-03	9.071e-03
2.92492e+01	1.623e-02	2.836e-06	1.232e-03	1.235e-03
2.91519e+01	1.640e-02	2.865e-06	1.236e-03	1.238e-03
2.90549e+01	1.657e-02	2.894e-06	1.239e-03	1.242e-03
2.89582e+01	1.673e-02	2.924e-06	4.203e-03	4.206e-03
2.88618e+01	1.691e-02	2.954e-06	1.142e-02	1.142e-02
2.87658e+01	1.708e-02	2.984e-06	1.249e-03	1.252e-03
2.86701e+01	1.725e-02	3.014e-06	1.252e-03	1.255e-03
2.85747e+01	1.743e-02	3.045e-06	1.255e-03	1.258e-03
2.84796e+01	1.761e-02	3.076e-06	1.259e-03	1.262e-03
2.83848e+01	1.779e-02	3.107e-06	3.060e-03	3.063e-03
2.82904e+01	1.797e-02	3.139e-06	1.265e-03	1.268e-03
2.81963e+01	1.815e-02	3.171e-06	1.269e-03	1.272e-03
2.81024e+01	1.834e-02	3.204e-06	1.272e-03	1.275e-03
2.80089e+01	1.852e-02	3.236e-06	1.275e-03	1.279e-03
2.79157e+01	1.871e-02	3.269e-06	1.279e-03	1.282e-03
2.78228e+01	1.890e-02	3.303e-06	8.974e-02	8.975e-02
2.77303e+01	1.910e-02	3.336e-06	1.286e-03	1.289e-03
2.76380e+01	1.929e-02	3.370e-06	1.289e-03	1.292e-03
2.75460e+01	1.949e-02	3.405e-06	1.292e-03	1.296e-03
2.74544e+01	1.969e-02	3.440e-06	1.296e-03	1.299e-03
2.73630e+01	1.989e-02	3.475e-06	1.299e-03	1.303e-03
2.72720e+01	2.009e-02	3.510e-06	1.303e-03	1.306e-03
2.71812e+01	2.030e-02	3.546e-06	1.306e-03	1.310e-03
2.70908e+01	2.050e-02	3.582e-06	3.437e-03	3.440e-03
2.70006e+01	2.071e-02	3.619e-06	1.313e-03	1.317e-03
2.69108e+01	2.092e-02	3.656e-06	1.316e-03	1.320e-03
2.68213e+01	2.114e-02	3.693e-06	1.320e-03	1.324e-03
2.67320e+01	2.135e-02	3.731e-06	1.323e-03	1.327e-03
2.66431e+01	2.157e-02	3.769e-06	3.984e-03	3.988e-03
2.65544e+01	2.179e-02	3.807e-06	1.331e-03	1.335e-03
2.64661e+01	2.201e-02	3.846e-06	1.334e-03	1.338e-03
2.63780e+01	2.224e-02	3.885e-06	1.339e-03	1.343e-03
2.62902e+01	2.246e-02	3.925e-06	1.350e-03	1.354e-03
2.62027e+01	2.269e-02	3.965e-06	6.033e-03	6.037e-03
2.61156e+01	2.292e-02	4.005e-06	1.580e-03	1.584e-03
2.60287e+01	2.316e-02	4.046e-06	4.017e+00	4.017e+00
2.59421e+01	2.339e-02	4.087e-06	1.364e-03	1.368e-03
2.58557e+01	2.363e-02	4.129e-06	1.372e-03	1.376e-03
2.57697e+01	2.387e-02	4.171e-06	1.371e-03	1.375e-03
2.56840e+01	2.412e-02	4.214e-06	1.610e-03	1.615e-03
2.55985e+01	2.436e-02	4.257e-06	1.378e-03	1.383e-03
2.55133e+01	2.461e-02	4.300e-06	1.382e-03	1.386e-03
2.54284e+01	2.486e-02	4.344e-06	1.386e-03	1.390e-03
2.53438e+01	2.512e-02	4.388e-06	1.389e-03	1.394e-03
2.52595e+01	2.537e-02	4.433e-06	1.514e-03	1.519e-03
2.51754e+01	2.563e-02	4.478e-06	1.778e-03	1.783e-03
2.50917e+01	2.589e-02	4.524e-06	1.400e-03	1.405e-03
2.50082e+01	2.616e-02	4.570e-06	3.824e-03	3.829e-03
2.49250e+01	2.642e-02	4.617e-06	1.408e-03	1.412e-03
2.48420e+01	2.669e-02	4.664e-06	1.411e-03	1.416e-03
2.47594e+01	2.697e-02	4.711e-06	1.415e-03	1.420e-03
2.46770e+01	2.724e-02	4.759e-06	1.419e-03	1.423e-03
2.45949e+01	2.752e-02	4.808e-06	1.422e-03	1.427e-03
2.45130e+01	2.780e-02	4.857e-06	6.714e-01	6.714e-01
2.44315e+01	2.808e-02	4.906e-06	1.430e-03	1.435e-03
2.43502e+01	2.837e-02	4.956e-06	1.434e-03	1.439e-03
2.42691e+01	2.866e-02	5.007e-06	1.437e-03	1.442e-03
2.41884e+01	2.895e-02	5.058e-06	1.441e-03	1.446e-03
2.41079e+01	2.925e-02	5.110e-06	1.445e-03	1.450e-03
2.40277e+01	2.954e-02	5.162e-06	7.506e-03	7.511e-03
2.39477e+01	2.984e-02	5.214e-06	1.453e-03	1.458e-03
2.38681e+01	3.015e-02	5.267e-06	1.012e-02	1.013e-02
2.37886e+01	3.046e-02	5.321e-06	1.460e-03	1.466e-03
2.37095e+01	3.077e-02	5.375e-06	3.634e-03	3.639e-03
2.36306e+01	3.108e-02	5.430e-06	5.846e-03	5.852e-03
2.35520e+01	3.140e-02	5.485e-06	1.472e-03	1.477e-03
2.34736e+01	3.172e-02	5.541e-06	1.476e-03	1.481e-03
2.33955e+01	3.204e-02	5.598e-06	1.479e-03	1.485e-03
2.33176e+01	3.236e-02	5.655e-06	1.493e-03	1.498e-03
2.32401e+01	3.269e-02	5.712e-06	1.499e-03	1.505e-03
2.31627e+01	3.303e-02	5.770e-06	1.503e-03	1.509e-03
2.30857e+01	3.336e-02	5.829e-06	1.507e-03	1.513e-03
2.30088e+01	3.370e-02	5.889e-06	1.511e-03	1.517e-03
2.29323e+01	3.405e-02	5.948e-06	2.100e+01	2.100e+01
2.28560e+01	3.440e-02	6.009e-06	1.519e-03	1.525e-03
2.27799e+01	3.475e-02	6.070e-06	1.523e-03	1.529e-03
2.27041e+01	3.510e-02	6.132e-06	1.527e-03	1.533e-03
2.26286e+01	3.546e-02	6.195e-06	3.783e-03	3.789e-03
2.25533e+01	3.582e-02	6.258e-06	1.535e-03	1.541e-03
2.24782e+01	3.618e-02	6.322e-06	1.539e-03	1.545e-03
2.24034e+01	3.655e-02	6.386e-06	1.543e-03	1.549e-03
2.23289e+01	3.692e-02	6.451e-06	5.214e-02	5.215e-02
2.22546e+01	3.730e-02	6.517e-06	1.551e-03	1.557e-03
2.21805e+01	3.768e-02	6.583e-06	1.555e-03	1.561e-03
2.21067e+01	3.806e-02	6.650e-06	1.559e-03	1.566e-03
2.20332e+01	3.845e-02	6.718e-06	1.772e-03	1.779e-03
2.19599e+01	3.884e-02	6.786e-06	1.567e-03	1.574e-03
2.18868e+01	3.924e-02	6.855e-06	1.571e-03	1.578e-03
2.18140e+01	3.964e-02	6.925e-06	2.800e-01	2.800e-01
2.17414e+01	4.004e-02	6.996e-06	1.579e-03	1.586e-03
2.16690e+01	4.045e-02	7.067e-06	1.583e-03	1.591e-03
2.15969e+01	4.086e-02	7.139e-06	1.588e-03	1.595e-03
2.15251e+01	4.128e-02	7.212e-06	1.592e-03	1.599e-03
2.14535e+01	4.170e-02	7.285e-06	1.600e-03	1.607e-03
2.13821e+01	4.212e-02	7.359e-06	1.600e-03	1.607e-03
2.13109e+01	4.255e-02	7.434e-06	2.305e-03	2.313e-03
2.12400e+01	4.299e-02	7.510e-06	1.608e-03	1.616e-03
2.11693e+01	4.342e-02	7.587e-06	1.613e-03	1.620e-03
2.10989e+01	4.387e-02	7.664e-06	1.405e-02	1.406e-02
2.10287e+01	4.431e-02	7.742e-06	1.621e-03	1.629e-03
2.09587e+01	4.476e-02	7.821e-06	1.625e-03	1.633e-03
2.08890e+01	4.522e-02	7.900e-06	9.066e-03	9.074e-03
2.08195e+01	4.568e-02	7.981e-06	1.634e-03	1.642e-03
2.07502e+01	4.614e-02	8.062e-06	1.638e-03	1.646e-03
2.06812e+01	4.661e-02	8.144e-06	1.642e-03	1.650e-03
2.06123e+01	4.709e-02	8.227e-06	1.646e-03	1.655e-03
2.05438e+01	4.757e-02	8.310e-06	5.363e-03	5.371e-03
2.04754e+01	4.805e-02	8.395e-06	1.820e-03	1.829e-03
2.04073e+01	4.854e-02	8.480e-06	1.676e-03	1.684e-03
2.03394e+01	4.903e-02	8.567e-06	2.387e-03	2.396e-03
2.02717e+01	4.953e-02	8.654e-06	1.684e-03	1.693e-03
2.02042e+01	5.004e-02	8.742e-06	1.689e-03	1.697e-03
2.01370e+01	5.055e-02	8.831e-06	1.693e-03	1.702e-03
2.00700e+01	5.106e-02	8.921e-06	1.697e-03	1.706e-03
2.00032e+01	5.158e-02	9.012e-06	1.702e-03	1.711e-03
1.99367e+01	5.210e-02	9.103e-06	1.706e-03	1.715e-03
1.98703e+01	5.263e-02	9.196e-06	1.711e-03	1.720e-03
1.98042e+01	5.317e-02	9.289e-06	1.715e-03	1.724e-03
1.97383e+01	5.371e-02	9.384e-06	1.719e-03	1.729e-03
1.96726e+01	5.426e-02	9.479e-06	1.724e-03	1.733e-03
1.96072e+01	5.481e-02	9.576e-06	1.728e-03	1.738e-03
1.95419e+01	5.537e-02	9.673e-06	1.733e-03	1.743e-03
1.94769e+01	5.593e-02	9.772e-06	4.829e-03	4.839e-03
1.94121e+01	5.650e-02	9.871e-06	1.742e-03	1.752e-03
1.93475e+01	5.707e-02	9.972e-06	1.746e-03	1.756e-03
1.92831e+01	5.765e-02	1.007e-05	1.751e-03	1.761e-03
1.92190e+01	5.824e-02	1.018e-05	1.774e-03	1.784e-03
1.91550e+01	5.883e-02	1.028e-05	1.760e-03	1.770e-03
1.90913e+01	6.072e-02	1.061e-05	1.837e-01	1.837e-01
1.90278e+01	6.141e-02	1.073e-05	8.467e-03	8.478e-03
1.89644e+01	6.065e-02	1.060e-05	8.194e-03	8.205e-03
1.89013e+01	6.126e-02	1.070e-05	1.778e-03	1.789e-03
1.88385e+01	6.189e-02	1.081e-05	1.783e-03	1.794e-03
1.87758e+01	6.252e-02	1.092e-05	3.098e-03	3.109e-03
1.87133e+01	6.315e-02	1.103e-05	4.883e+01	4.883e+01
1.86510e+01	6.366e-02	1.112e-05	1.814e-03	1.825e-03
1.85890e+01	6.430e-02	1.123e-05	1.563e-02	1.564e-02
1.85271e+01	6.510e-02	1.137e-05	1.806e-03	1.817e-03
1.84655e+01	6.576e-02	1.149e-05	1.811e-03	1.822e-03
1.84040e+01	6.643e-02	1.161e-05	1.815e-03	1.827e-03
1.83428e+01	6.711e-02	1.172e-05	1.820e-03	1.832e-03
1.82817e+01	6.779e-02	1.184e-05	1.825e-03	1.836e-03
1.82209e+01	6.848e-02	1.196e-05	5.666e-03	5.678e-03
1.81603e+01	6.917e-02	1.209e-05	1.834e-03	1.846e-03
1.80999e+01	6.978e-02	1.219e-05	1.892e-03	1.904e-03
1.80396e+01	7.059e-02	1.233e-05	4.709e-03	4.721e-03
1.79796e+01	7.130e-02	1.246e-05	1.848e-03	1.861e-03
1.79198e+01	7.203e-02	1.258e-05	3.522e+00	3.522e+00
1.78602e+01	7.276e-02	1.271e-05	5.267e-01	5.267e-01
1.78007e+01	7.350e-02	1.284e-05	1.885e-03	1.898e-03
1.77415e+01	7.424e-02	1.297e-05	1.890e-03	1.903e-03
1.76825e+01	7.500e-02	1.310e-05	1.895e-03	1.908e-03
1.76236e+01	7.576e-02	1.324e-05	7.479e-03	7.492e-03
1.75650e+01	7.653e-02	1.337e-05	1.905e-03	1.918e-03
1.75065e+01	7.731e-02	1.351e-05	5.296e-03	5.310e-03
1.74483e+01	7.810e-02	1.364e-05	1.915e-03	1.928e-03
1.73902e+01	7.889e-02	1.378e-05	1.919e-03	1.933e-03
1.73324e+01	7.969e-02	1.392e-05	1.924e-03	1.938e-03
1.72747e+01	8.050e-02	1.406e-05	1.929e-03	1.943e-03
1.72172e+01	8.132e-02	1.421e-05	1.934e-03	1.948e-03
1.71599e+01	8.215e-02	1.435e-05	1.939e-03	1.954e-03
1.71028e+01	8.298e-02	1.450e-05	1.944e-03	1.959e-03
1.70459e+01	8.382e-02	1.464e-05	1.776e-02	1.778e-02
1.69892e+01	8.468e-02	1.479e-05	1.954e-03	1.969e-03
1.69327e+01	8.554e-02	1.494e-05	1.959e-03	1.974e-03
1.68763e+01	8.640e-02	1.510e-05	2.992e-02	2.993e-02
1.68202e+01	8.728e-02	1.525e-05	1.969e-03	1.984e-03
1.67642e+01	8.817e-02	1.540e-05	1.974e-03	1.990e-03
1.67084e+01	8.906e-02	1.556e-05	1.981e-03	1.996e-03
1.66528e+01	8.997e-02	1.572e-05	2.592e-03	2.608e-03
1.65974e+01	9.088e-02	1.588e-05	6.919e-03	6.935e-03
1.65422e+01	9.181e-02	1.604e-05	1.994e-03	2.010e-03
1.64871e+01	9.274e-02	1.620e-05	1.999e-03	2.016e-03
1.64323e+01	9.368e-02	1.637e-05	1.366e-02	1.367e-02
1.63776e+01	9.463e-02	1.653e-05	3.945e-02	3.946e-02
1.63231e+01	9.559e-02	1.670e-05	2.018e-03	2.035e-03
1.62688e+01	9.657e-02	1.687e-05	2.020e-03	2.037e-03
1.62147e+01	9.755e-02	1.704e-05	7.487e-02	7.489e-02
1.61607e+01	9.854e-02	1.722e-05	2.030e-03	2.047e-03
1.61069e+01	9.954e-02	1.739e-05	2.035e-03	2.053e-03
1.60533e+01	1.005e-01	1.757e-05	2.041e-03	2.058e-03
1.59999e+01	1.016e-01	1.775e-05	2.046e-03	2.063e-03
1.59467e+01	1.026e-01	1.793e-05	2.051e-03	2.069e-03
1.58936e+01	1.036e-01	1.811e-05	2.056e-03	2.074e-03
1.58407e+01	1.047e-01	1.829e-05	6.270e-03	6.288e-03
1.57880e+01	1.058e-01	1.848e-05	2.260e-03	2.279e-03
1.57355e+01	1.068e-01	1.867e-05	2.072e-03	2.090e-03
1.56831e+01	1.079e-01	1.885e-05	2.077e-03	2.096e-03
1.56310e+01	1.090e-01	1.905e-05	2.082e-03	2.101e-03
1.55789e+01	1.101e-01	1.924e-05	4.913e-01	4.914e-01
1.55271e+01	1.112e-01	1.943e-05	2.093e-03	2.112e-03
1.54754e+01	1.124e-01	1.963e-05	3.461e-03	3.481e-03
1.54240e+01	1.135e-01	1.983e-05	2.110e-03	2.130e-03
1.53726e+01	1.147e-01	2.003e-05	2.142e-03	2.162e-03
1.53215e+01	1.158e-01	2.023e-05	2.147e-03	2.167e-03
1.52705e+01	1.170e-01	2.044e-05	2.153e-03	2.173e-03
1.52197e+01	1.182e-01	2.065e-05	6.171e-03	6.192e-03
1.51690e+01	1.194e-01	2.086e-05	2.164e-03	2.184e-03
1.51186e+01	1.206e-01	2.107e-05	2.169e-03	2.190e-03
1.50683e+01	1.218e-01	2.128e-05	2.175e-03	2.196e-03
1.50181e+01	1.231e-01	2.150e-05	2.180e-03	2.202e-03
1.49682e+01	1.243e-01	2.172e-05	1.214e-02	1.216e-02
1.49183e+01	1.256e-01	2.194e-05	2.191e-03	2.213e-03
1.48687e+01	1.268e-01	2.216e-05	2.197e-03	2.219e-03
1.48192e+01	1.281e-01	2.238e-05	2.202e-03	2.225e-03
1.47699e+01	1.294e-01	2.261e-05	2.208e-03	2.230e-03
1.47208e+01	1.307e-01	2.284e-05	1.444e-02	1.446e-02
1.46718e+01	1.321e-01	2.307e-05	2.219e-03	2.242e-03
1.46230e+01	1.334e-01	2.331e-05	2.224e-03	2.248e-03
1.45743e+01	1.348e-01	2.354e-05	2.230e-03	2.254e-03
1.45258e+01	1.361e-01	2.378e-05	2.238e-03	2.262e-03
1.44775e+01	1.375e-01	2.402e-05	2.241e-03	2.265e-03
1.44293e+01	1.389e-01	2.427e-05	2.247e-03	2.271e-03
1.43813e+01	1.403e-01	2.451e-05	1.735e-01	1.735e-01
1.43335e+01	1.417e-01	2.476e-05	2.258e-03	2.283e-03
1.42858e+01	1.432e-01	2.501e-05	5.991e-03	6.016e-03
1.42382e+01	1.446e-01	2.527e-05	2.270e-03	2.295e-03
1.41909e+01	1.461e-01	2.552e-05	2.527e-02	2.530e-02
1.41436e+01	1.476e-01	2.578e-05	2.281e-03	2.307e-03
1.40966e+01	1.491e-01	2.604e-05	2.287e-03	2.313e-03
1.40497e+01	1.506e-01	2.631e-05	2.292e-03	2.319e-03
1.40029e+01	1.521e-01	2.658e-05	2.300e-03	2.326e-03
1.39563e+01	1.537e-01	2.684e-05	1.528e-02	1.530e-02
1.39099e+01	1.552e-01	2.712e-05	2.310e-03	2.337e-03
1.38636e+01	1.568e-01	2.739e-05	2.315e-03	2.343e-03
1.38175e+01	1.584e-01	2.767e-05	2.322e-03	2.350e-03
1.37715e+01	1.600e-01	2.795e-05	2.327e-03	2.355e-03
1.37257e+01	1.616e-01	2.823e-05	2.333e-03	2.361e-03
1.36800e+01	1.632e-01	2.852e-05	2.285e-02	2.288e-02
1.36345e+01	1.649e-01	2.881e-05	2.344e-03	2.373e-03
1.35891e+01	1.666e-01	2.910e-05	2.350e-03	2.379e-03
1.35439e+01	1.683e-01	2.940e-05	2.356e-03	2.385e-03
1.34988e+01	1.700e-01	2.969e-05	2.365e-03	2.395e-03
1.34539e+01	1.717e-01	3.000e-05	3.154e-03	3.184e-03
1.34091e+01	1.734e-01	3.030e-05	2.374e-03	2.404e-03
1.33645e+01	1.752e-01	3.061e-05	2.380e-03	2.410e-03
1.33201e+01	1.770e-01	3.092e-05	2.385e-03	2.416e-03
1.32757e+01	1.788e-01	3.123e-05	2.391e-03	2.423e-03
1.32316e+01	1.806e-01	3.155e-05	2.397e-03	2.429e-03
1.31875e+01	1.824e-01	3.187e-05	9.860e-03	9.892e-03
1.31437e+01	1.864e-01	3.256e-05	2.417e-03	2.450e-03
1.30999e+01	1.861e-01	3.251e-05	2.464e-03	2.497e-03
1.30563e+01	1.880e-01	3.284e-05	2.471e-03	2.503e-03
1.30129e+01	1.899e-01	3.317e-05	2.477e-03	2.510e-03
1.29696e+01	1.918e-01	3.351e-05	2.483e-03	2.516e-03
1.29264e+01	1.938e-01	3.385e-05	2.489e-03	2.523e-03
1.28834e+01	1.957e-01	3.419e-05	2.495e-03	2.529e-03
1.28406e+01	1.977e-01	3.453e-05	2.501e-03	2.536e-03
1.27978e+01	1.997e-01	3.489e-05	3.077e+01	3.077e+01
1.27552e+01	2.017e-01	3.524e-05	2.514e-03	2.549e-03
1.27128e+01	2.038e-01	3.560e-05	2.709e-02	2.712e-02
1.26705e+01	2.058e-01	3.596e-05	2.532e-03	2.568e-03
1.26283e+01	2.079e-01	3.633e-05	8.808e-03	8.844e-03
1.25863e+01	2.100e-01	3.669e-05	2.198e-02	2.202e-02
1.25444e+01	2.122e-01	3.707e-05	2.740e-03	2.777e-03
1.25027e+01	2.143e-01	3.744e-05	2.551e-03	2.589e-03
1.24611e+01	2.165e-01	3.782e-05	2.558e-03	2.595e-03
1.24196e+01	2.187e-01	3.820e-05	2.564e-03	2.602e-03
1.23783e+01	2.320e-01	4.053e-05	4.974e-01	4.975e-01
1.23371e+01	2.231e-01	3.898e-05	3.966e-03	4.005e-03
1.22961e+01	2.254e-01	3.938e-05	2.583e-03	2.622e-03
1.22552e+01	2.277e-01	3.978e-05	2.589e-03	2.629e-03
1.22144e+01	2.300e-01	4.018e-05	2.595e-03	2.636e-03
1.21737e+01	2.323e-01	4.059e-05	8.212e-03	8.253e-03
1.21332e+01	2.347e-01	4.100e-05	2.867e-03	2.908e-03
1.20929e+01	2.370e-01	4.141e-05	2.615e-03	2.656e-03
1.20526e+01	2.394e-01	4.183e-05	2.621e-03	2.663e-03
1.20125e+01	2.419e-01	4.226e-05	3.842e-03	3.884e-03
1.19725e+01	2.443e-01	4.268e-05	2.634e-03	2.677e-03
1.19327e+01	2.468e-01	4.312e-05	2.640e-03	2.683e-03
1.18930e+01	2.493e-01	4.355e-05	1.892e-01	1.893e-01
1.18534e+01	2.518e-01	4.399e-05	2.653e-03	2.697e-03
1.18140e+01	2.544e-01	4.444e-05	2.660e-03	2.704e-03
1.17747e+01	2.569e-01	4.489e-05	8.596e-03	8.641e-03
1.17355e+01	2.595e-01	4.534e-05	2.673e-03	2.718e-03
1.16964e+01	2.622e-01	4.580e-05	2.679e-03	2.725e-03
1.16575e+01	2.648e-01	4.627e-05	2.686e-03	2.732e-03
1.16187e+01	2.675e-01	4.674e-05	2.692e-03	2.739e-03
1.15801e+01	2.702e-01	4.721e-05	2.699e-03	2.746e-03
1.15415e+01	2.729e-01	4.769e-05	1.882e-02	1.887e-02
1.15031e+01	2.757e-01	4.817e-05	7.715e-03	7.763e-03
1.14649e+01	2.785e-01	4.866e-05	2.719e-03	2.767e-03
1.14267e+01	2.813e-01	4.915e-05	2.725e-03	2.774e-03
1.13887e+01	2.842e-01	4.965e-05	3.296e-03	3.346e-03
1.13508e+01	2.870e-01	5.015e-05	2.745e-03	2.795e-03
1.13130e+01	2.899e-01	5.066e-05	1.509e-01	1.510e-01
1.12754e+01	2.929e-01	5.117e-05	2.752e-03	2.803e-03
1.12379e+01	2.958e-01	5.169e-05	7.715e-03	7.767e-03
1.12005e+01	2.988e-01	5.221e-05	2.765e-03	2.817e-03
1.11632e+01	3.019e-01	5.274e-05	2.826e-03	2.879e-03
1.11261e+01	3.049e-01	5.327e-05	2.778e-03	2.832e-03
1.10890e+01	3.080e-01	5.381e-05	2.785e-03	2.839e-03
1.10521e+01	3.111e-01	5.435e-05	2.792e-03	2.846e-03
1.10154e+01	3.142e-01	5.490e-05	8.732e-03	8.787e-03
1.09787e+01	3.174e-01	5.546e-05	2.881e-03	2.937e-03
1.09422e+01	3.206e-01	5.602e-05	2.888e-03	2.944e-03
1.09058e+01	3.239e-01	5.658e-05	5.132e-03	5.189e-03
1.08695e+01	3.277e-01	5.726e-05	2.988e-02	2.994e-02
1.08333e+01	3.304e-01	5.773e-05	3.179e-03	3.236e-03
1.07973e+01	3.338e-01	5.832e-05	1.664e-02	1.670e-02
1.07613e+01	3.372e-01	5.891e-05	2.923e-03	2.982e-03
1.07255e+01	3.406e-01	5.950e-05	2.930e-03	2.990e-03
1.06899e+01	3.440e-01	6.011e-05	1.431e-01	1.431e-01
1.06543e+01	3.475e-01	6.071e-05	2.944e-03	3.005e-03
1.06188e+01	3.510e-01	6.133e-05	2.951e-03	3.013e-03
1.05835e+01	3.546e-01	6.195e-05	2.958e-03	3.020e-03
1.05483e+01	3.582e-01	6.257e-05	2.965e-03	3.028e-03
1.05132e+01	3.618e-01	6.321e-05	9.911e-01	9.911e-01
1.04782e+01	3.654e-01	6.385e-05	2.980e-03	3.044e-03
1.04433e+01	3.691e-01	6.449e-05	3.007e-03	3.072e-03
1.04086e+01	3.729e-01	6.514e-05	2.994e-03	3.059e-03
1.03740e+01	3.766e-01	6.580e-05	3.001e-03	3.067e-03
1.03394e+01	3.804e-01	6.647e-05	3.008e-03	3.075e-03
1.03050e+01	3.843e-01	6.714e-05	3.015e-03	3.083e-03
1.02707e+01	3.882e-01	6.782e-05	1.482e-02	1.488e-02
1.02366e+01	3.921e-01	6.850e-05	3.030e-03	3.098e-03
1.02025e+01	3.961e-01	6.920e-05	3.615e-03	3.684e-03
1.01686e+01	4.001e-01	6.990e-05	3.044e-03	3.114e-03
1.01347e+01	4.041e-01	7.060e-05	3.052e-03	3.122e-03
1.01010e+01	4.082e-01	7.132e-05	3.059e-03	3.130e-03
1.00674e+01	4.123e-01	7.204e-05	3.085e-03	3.157e-03
1.00339e+01	4.165e-01	7.277e-05	3.092e-03	3.164e-03
1.00005e+01	4.207e-01	7.350e-05	3.081e-03	3.154e-03
9.96723e+00	4.250e-01	7.424e-05	3.088e-03	3.162e-03
9.93406e+00	4.292e-01	7.499e-05	3.095e-03	3.170e-03
9.90101e+00	4.336e-01	7.575e-05	3.102e-03	3.178e-03
9.86806e+00	4.380e-01	7.652e-05	3.110e-03	3.186e-03
9.83523e+00	4.424e-01	7.729e-05	1.338e-02	1.345e-02
9.80250e+00	4.469e-01	7.807e-05	3.124e-03	3.203e-03
9.76989e+00	4.514e-01	7.886e-05	3.132e-03	3.211e-03
9.73738e+00	4.559e-01	7.966e-05	3.139e-03	3.219e-03
9.70498e+00	4.671e-01	8.161e-05	3.147e-03	3.228e-03
9.67268e+00	4.652e-01	8.128e-05	3.154e-03	3.235e-03
9.64050e+00	4.699e-01	8.210e-05	3.161e-03	3.243e-03
9.60842e+00	4.747e-01	8.293e-05	3.229e-03	3.312e-03
9.57645e+00	4.795e-01	8.377e-05	3.176e-03	3.260e-03
9.54458e+00	4.843e-01	8.461e-05	3.184e-03	3.268e-03
9.51283e+00	4.892e-01	8.547e-05	1.223e-02	1.231e-02
9.48117e+00	4.941e-01	8.633e-05	3.199e-03	3.285e-03
9.44962e+00	4.991e-01	8.720e-05	3.206e-03	3.293e-03
9.41818e+00	5.042e-01	8.808e-05	3.213e-03	3.302e-03
9.38684e+00	5.093e-01	8.897e-05	3.634e-02	3.643e-02
9.35561e+00	5.144e-01	8.987e-05	3.228e-03	3.318e-03
9.32448e+00	5.196e-01	9.078e-05	3.236e-03	3.327e-03
9.29345e+00	5.248e-01	9.170e-05	3.244e-03	3.335e-03
9.26253e+00	5.301e-01	9.262e-05	1.131e-02	1.140e-02
9.23171e+00	5.355e-01	9.355e-05	3.259e-03	3.352e-03
9.20099e+00	5.409e-01	9.450e-05	3.266e-03	3.361e-03
9.17038e+00	5.463e-01	9.545e-05	3.274e-03	3.369e-03
9.13986e+00	5.518e-01	9.641e-05	3.281e-03	3.378e-03
9.10945e+00	5.574e-01	9.738e-05	3.382e-03	3.479e-03
9.07914e+00	5.630e-01	9.836e-05	3.419e-03	3.517e-03
9.04893e+00	5.687e-01	9.936e-05	1.076e-02	1.086e-02
9.01882e+00	5.744e-01	1.004e-04	3.434e-03	3.535e-03
8.98881e+00	5.802e-01	1.014e-04	4.208e+00	4.208e+00
8.95890e+00	5.861e-01	1.024e-04	3.450e-03	3.553e-03
8.92909e+00	5.920e-01	1.034e-04	3.458e-03	3.562e-03
8.89938e+00	5.980e-01	1.045e-04	3.466e-03	3.571e-03
8.86977e+00	6.040e-01	1.055e-04	1.034e-02	1.045e-02
8.84025e+00	6.101e-01	1.066e-04	3.482e-03	3.589e-03
8.81084e+00	6.163e-01	1.077e-04	3.760e-03	3.868e-03
8.78152e+00	6.225e-01	1.088e-04	3.498e-03	3.607e-03
8.75230e+00	6.288e-01	1.099e-04	1.157e-01	1.158e-01
8.72318e+00	6.352e-01	1.110e-04	1.030e-02	1.041e-02
8.69415e+00	6.416e-01	1.121e-04	3.522e-03	3.635e-03
8.66522e+00	6.480e-01	1.132e-04	3.096e-02	3.108e-02
8.63639e+00	6.546e-01	1.144e-04	3.539e-03	3.653e-03
8.60765e+00	6.612e-01	1.155e-04	1.153e-02	1.165e-02
8.57901e+00	6.679e-01	1.167e-04	3.841e-03	3.958e-03
8.55047e+00	6.746e-01	1.179e-04	3.563e-03	3.681e-03
8.52202e+00	6.814e-01	1.191e-04	3.702e-03	3.821e-03
8.49366e+00	6.883e-01	1.203e-04	4.092e-02	4.104e-02
8.46540e+00	6.952e-01	1.215e-04	3.587e-03	3.709e-03
8.43723e+00	7.023e-01	1.227e-04	3.596e-03	3.718e-03
8.40915e+00	7.093e-01	1.239e-04	3.626e-03	3.750e-03
8.38117e+00	7.165e-01	1.252e-04	5.044e-03	5.169e-03
8.35329e+00	7.237e-01	1.264e-04	3.620e-03	3.747e-03
8.32549e+00	7.310e-01	1.277e-04	3.628e-03	3.756e-03
8.29779e+00	7.384e-01	1.290e-04	3.637e-03	3.766e-03
8.27018e+00	7.459e-01	1.303e-04	3.645e-03	3.775e-03
8.24266e+00	7.534e-01	1.316e-04	3.653e-03	3.785e-03
8.21523e+00	7.610e-01	1.330e-04	3.857e-03	3.990e-03
8.18790e+00	7.687e-01	1.343e-04	3.670e-03	3.804e-03
8.16065e+00	7.764e-01	1.357e-04	2.669e-02	2.683e-02
8.13350e+00	7.843e-01	1.370e-04	3.686e-03	3.823e-03
8.10644e+00	7.922e-01	1.384e-04	3.695e-03	3.833e-03
8.07946e+00	8.002e-01	1.398e-04	3.703e-03	3.843e-03
8.05258e+00	8.082e-01	1.412e-04	3.713e-03	3.854e-03
8.02578e+00	8.164e-01	1.426e-04	3.720e-03	3.862e-03
7.99908e+00	8.246e-01	1.441e-04	3.728e-03	3.872e-03
7.97246e+00	8.329e-01	1.455e-04	3.736e-03	3.882e-03
7.94594e+00	8.413e-01	1.470e-04	3.745e-03	3.892e-03
7.91950e+00	8.498e-01	1.485e-04	3.753e-03	3.901e-03
7.89314e+00	8.584e-01	1.500e-04	3.761e-03	3.911e-03
7.86688e+00	8.671e-01	1.515e-04	3.770e-03	3.921e-03
7.84070e+00	8.758e-01	1.530e-04	4.829e-03	4.982e-03
7.81461e+00	8.846e-01	1.546e-04	3.786e-03	3.941e-03
7.78861e+00	8.936e-01	1.561e-04	2.599e-02	2.615e-02
7.76270e+00	9.026e-01	1.577e-04	3.803e-03	3.961e-03
7.73687e+00	9.117e-01	1.593e-04	3.812e-03	3.971e-03
7.71112e+00	9.209e-01	1.609e-04	3.823e-03	3.983e-03
7.68546e+00	9.301e-01	1.625e-04	3.829e-03	3.991e-03
7.65989e+00	9.395e-01	1.641e-04	3.837e-03	4.001e-03
7.63440e+00	9.490e-01	1.658e-04	3.846e-03	4.011e-03
7.60900e+00	9.582e-01	1.674e-04	3.854e-03	4.021e-03
7.58368e+00	9.682e-01	1.692e-04	4.281e-03	4.450e-03
7.55845e+00	9.780e-01	1.709e-04	4.091e-03	4.262e-03
7.53330e+00	9.879e-01	1.726e-04	3.880e-03	4.052e-03
7.50823e+00	1.010e+00	1.764e-04	4.071e-01	4.073e-01
7.48325e+00	1.008e+00	1.761e-04	2.231e-02	2.249e-02
7.45835e+00	1.096e+00	1.915e-04	1.209e+00	1.209e+00
7.43353e+00	1.023e+00	1.787e-04	1.048e-02	1.066e-02
7.40880e+00	1.039e+00	1.814e-04	3.924e-03	4.105e-03
7.38415e+00	1.049e+00	1.833e-04	4.041e-03	4.225e-03
7.35957e+00	1.059e+00	1.851e-04	4.729e-03	4.914e-03
7.33509e+00	1.070e+00	1.870e-04	4.154e-03	4.341e-03
7.31068e+00	1.081e+00	1.888e-04	5.033e-03	5.222e-03
7.28635e+00	1.092e+00	1.908e-04	4.172e-03	4.363e-03
7.26211e+00	1.103e+00	1.927e-04	1.879e-02	1.898e-02
7.23794e+00	1.114e+00	1.946e-04	4.190e-03	4.385e-03
7.21386e+00	1.125e+00	1.966e-04	4.200e-03	4.396e-03
7.18986e+00	1.136e+00	1.986e-04	4.209e-03	4.407e-03
7.16593e+00	1.148e+00	2.006e-04	4.218e-03	4.418e-03
7.14209e+00	1.159e+00	2.026e-04	4.227e-03	4.430e-03
7.11833e+00	1.171e+00	2.046e-04	4.875e-03	5.080e-03
7.09464e+00	1.183e+00	2.067e-04	1.709e-02	1.730e-02
7.07103e+00	1.195e+00	2.088e-04	4.255e-03	4.463e-03
7.04750e+00	1.207e+00	2.109e-04	4.264e-03	4.475e-03
7.02405e+00	1.219e+00	2.130e-04	4.273e-03	4.486e-03
7.00068e+00	1.231e+00	2.151e-04	4.282e-03	4.497e-03
6.97739e+00	1.244e+00	2.173e-04	6.374e+00	6.374e+00
6.95417e+00	1.279e+00	2.234e-04	1.576e-02	1.598e-02
6.93103e+00	1.269e+00	2.217e-04	5.225e-03	5.447e-03
6.90797e+00	1.282e+00	2.239e-04	4.319e-03	4.543e-03
6.88498e+00	1.295e+00	2.262e-04	4.328e-03	4.555e-03
6.86207e+00	1.308e+00	2.285e-04	5.275e-03	5.503e-03
6.83924e+00	1.321e+00	2.308e-04	4.347e-03	4.578e-03
6.81648e+00	1.334e+00	2.331e-04	1.481e-02	1.504e-02
6.79380e+00	1.348e+00	2.354e-04	4.366e-03	4.601e-03
6.77120e+00	1.361e+00	2.378e-04	6.543e-02	6.566e-02
6.74867e+00	1.375e+00	2.402e-04	4.412e-03	4.652e-03
6.72621e+00	1.389e+00	2.426e-04	1.415e-02	1.439e-02
6.70383e+00	1.403e+00	2.451e-04	4.403e-03	4.648e-03
6.68152e+00	1.417e+00	2.475e-04	4.412e-03	4.660e-03
6.65929e+00	1.431e+00	2.500e-04	4.421e-03	4.671e-03
6.63713e+00	1.445e+00	2.525e-04	3.614e-01	3.616e-01
6.61505e+00	1.460e+00	2.551e-04	4.448e-03	4.703e-03
6.59304e+00	1.475e+00	2.576e-04	4.449e-03	4.707e-03
6.57110e+00	1.489e+00	2.602e-04	1.584e-02	1.610e-02
6.54923e+00	1.504e+00	2.628e-04	4.468e-03	4.731e-03
6.52744e+00	1.520e+00	2.655e-04	4.478e-03	4.743e-03
6.50572e+00	1.535e+00	2.682e-04	5.755e-02	5.782e-02
6.48408e+00	1.550e+00	2.709e-04	4.496e-03	4.767e-03
6.46250e+00	1.566e+00	2.736e-04	4.506e-03	4.779e-03
6.44100e+00	1.582e+00	2.763e-04	6.544e-03	6.821e-03
6.41957e+00	1.598e+00	2.791e-04	4.524e-03	4.804e-03
6.39820e+00	1.614e+00	2.819e-04	4.535e-03	4.817e-03
6.37691e+00	1.630e+00	2.848e-04	5.031e-03	5.316e-03
6.35570e+00	1.646e+00	2.876e-04	4.553e-03	4.840e-03
6.33455e+00	1.663e+00	2.905e-04	4.562e-03	4.853e-03
6.31347e+00	1.680e+00	2.934e-04	4.572e-03	4.865e-03
6.29246e+00	1.697e+00	2.964e-04	5.425e-02	5.455e-02
6.27153e+00	1.714e+00	2.994e-04	4.590e-03	4.890e-03
6.25066e+00	1.731e+00	3.024e-04	4.600e-03	4.902e-03
6.22986e+00	1.748e+00	3.054e-04	4.609e-03	4.915e-03
6.20913e+00	1.766e+00	3.085e-04	4.886e-03	5.194e-03
6.18847e+00	1.784e+00	3.116e-04	4.628e-03	4.940e-03
6.16788e+00	1.802e+00	3.147e-04	4.638e-03	4.952e-03
6.14735e+00	1.820e+00	3.179e-04	4.647e-03	4.965e-03
6.12690e+00	1.838e+00	3.211e-04	4.657e-03	4.978e-03
6.10651e+00	1.856e+00	3.243e-04	4.667e-03	4.992e-03
6.08619e+00	1.875e+00	3.276e-04	4.676e-03	5.003e-03
6.06594e+00	1.894e+00	3.309e-04	4.685e-03	5.016e-03
6.04576e+00	1.913e+00	3.342e-04	4.695e-03	5.029e-03
6.02564e+00	1.932e+00	3.376e-04	4.745e-03	5.082e-03
6.00559e+00	1.952e+00	3.410e-04	4.714e-03	5.054e-03
5.98561e+00	1.971e+00	3.444e-04	4.743e-03	5.087e-03
5.96569e+00	1.991e+00	3.479e-04	4.393e-02	4.428e-02
5.94584e+00	2.011e+00	3.514e-04	6.797e-03	7.149e-03
5.92606e+00	2.031e+00	3.549e-04	4.752e-03	5.106e-03
5.90634e+00	2.052e+00	3.584e-04	2.401e-01	2.405e-01
5.88669e+00	2.072e+00	3.621e-04	5.829e-03	6.191e-03
5.86710e+00	2.093e+00	3.657e-04	4.780e-03	5.146e-03
5.84758e+00	2.114e+00	3.694e-04	4.790e-03	5.159e-03
5.82812e+00	2.135e+00	3.730e-04	5.116e-03	5.489e-03
5.80873e+00	2.156e+00	3.767e-04	5.178e-03	5.554e-03
5.78940e+00	2.178e+00	3.805e-04	5.188e-03	5.569e-03
5.77013e+00	2.200e+00	3.843e-04	5.199e-03	5.583e-03
5.75093e+00	2.222e+00	3.882e-04	5.209e-03	5.597e-03
5.73180e+00	2.244e+00	3.921e-04	5.219e-03	5.611e-03
5.71273e+00	2.267e+00	3.960e-04	3.968e-02	4.008e-02
5.69372e+00	2.289e+00	4.000e-04	5.240e-03	5.640e-03
5.67477e+00	2.312e+00	4.040e-04	6.883e-02	6.923e-02
5.65589e+00	2.336e+00	4.081e-04	5.261e-03	5.669e-03
5.63707e+00	2.359e+00	4.122e-04	5.271e-03	5.684e-03
5.61831e+00	2.383e+00	4.163e-04	5.282e-03	5.698e-03
5.59962e+00	2.407e+00	4.205e-04	5.292e-03	5.713e-03
5.58099e+00	2.439e+00	4.261e-04	5.303e-03	5.729e-03
5.56242e+00	2.455e+00	4.290e-04	5.313e-03	5.742e-03
5.54391e+00	2.480e+00	4.333e-04	5.324e-03	5.757e-03
5.52546e+00	2.505e+00	4.376e-04	3.455e-02	3.499e-02
5.50708e+00	2.530e+00	4.420e-04	5.344e-03	5.786e-03
5.48875e+00	2.555e+00	4.465e-04	5.355e-03	5.801e-03
5.47049e+00	2.581e+00	4.510e-04	5.365e-03	5.816e-03
5.45229e+00	2.607e+00	4.555e-04	5.376e-03	5.831e-03
5.43414e+00	2.633e+00	4.601e-04	5.418e-03	5.878e-03
5.41606e+00	2.660e+00	4.647e-04	5.696e-03	6.161e-03
5.39804e+00	2.686e+00	4.693e-04	5.409e-03	5.878e-03
5.38008e+00	2.713e+00	4.740e-04	3.051e-02	3.099e-02
5.36218e+00	2.741e+00	4.788e-04	5.428e-03	5.907e-03
5.34433e+00	2.768e+00	4.836e-04	7.096e+00	7.096e+00
5.32655e+00	2.796e+00	4.885e-04	5.449e-03	5.937e-03
5.30883e+00	2.824e+00	4.934e-04	5.459e-03	5.953e-03
5.29116e+00	2.852e+00	4.983e-04	5.470e-03	5.968e-03
5.27356e+00	2.881e+00	5.033e-04	5.480e-03	5.983e-03
5.25601e+00	2.910e+00	5.084e-04	2.727e-02	2.778e-02
5.23852e+00	2.939e+00	5.135e-04	5.501e-03	6.014e-03
5.22109e+00	2.968e+00	5.186e-04	5.511e-03	6.030e-03
5.20372e+00	2.998e+00	5.238e-04	5.522e-03	6.046e-03
5.18640e+00	3.028e+00	5.291e-04	5.664e-03	6.193e-03
5.16914e+00	3.059e+00	5.344e-04	2.469e-02	2.522e-02
5.15194e+00	3.089e+00	5.398e-04	5.723e-03	6.263e-03
5.13480e+00	3.120e+00	5.452e-04	1.765e-01	1.771e-01
5.11772e+00	3.152e+00	5.506e-04	8.419e-03	8.969e-03
5.10069e+00	3.183e+00	5.562e-04	5.584e-03	6.141e-03
5.08372e+00	3.215e+00	5.617e-04	2.270e-02	2.326e-02
5.06680e+00	3.247e+00	5.673e-04	1.001e-02	1.058e-02
5.04994e+00	3.280e+00	5.731e-04	5.616e-03	6.189e-03
5.03314e+00	3.313e+00	5.788e-04	2.046e-02	2.104e-02
5.01639e+00	3.346e+00	5.846e-04	6.319e-03	6.904e-03
4.99970e+00	3.380e+00	5.905e-04	5.647e-03	6.237e-03
4.98306e+00	3.414e+00	5.964e-04	5.657e-03	6.254e-03
4.96648e+00	3.448e+00	6.024e-04	2.021e-02	2.081e-02
4.94996e+00	3.482e+00	6.084e-04	6.223e-03	6.832e-03
4.93348e+00	3.518e+00	6.145e-04	5.688e-03	6.303e-03
4.91707e+00	3.553e+00	6.207e-04	2.008e-02	2.070e-02
4.90071e+00	3.588e+00	6.269e-04	5.709e-03	6.336e-03
4.88440e+00	3.624e+00	6.332e-04	3.758e-02	3.822e-02
4.86815e+00	3.661e+00	6.396e-04	5.730e-03	6.370e-03
4.85195e+00	3.698e+00	6.460e-04	8.468e-02	8.532e-02
4.83581e+00	3.735e+00	6.525e-04	5.751e-03	6.403e-03
4.81972e+00	3.772e+00	6.590e-04	8.765e-03	9.424e-03
4.80368e+00	3.810e+00	6.657e-04	5.775e-03	6.441e-03
4.78769e+00	3.848e+00	6.723e-04	5.782e-03	6.454e-03
4.77176e+00	3.906e+00	6.824e-04	5.817e-03	6.499e-03
4.75589e+00	3.981e+00	6.955e-04	5.803e-03	6.498e-03
4.74006e+00	3.965e+00	6.928e-04	5.813e-03	6.506e-03
4.72429e+00	4.005e+00	6.997e-04	5.825e-03	6.525e-03
4.70857e+00	4.045e+00	7.068e-04	5.834e-03	6.540e-03
4.69290e+00	4.086e+00	7.138e-04	8.300e-03	9.014e-03
4.67729e+00	4.127e+00	7.210e-04	1.277e-01	1.284e-01
4.66172e+00	4.188e+00	7.317e-04	6.819e-03	7.550e-03
4.64621e+00	4.270e+00	7.461e-04	8.220e-01	8.227e-01
4.63075e+00	4.252e+00	7.429e-04	5.941e-03	6.684e-03
4.61534e+00	4.295e+00	7.504e-04	1.343e-01	1.351e-01
4.59999e+00	4.338e+00	7.579e-04	6.605e-03	7.363e-03
4.58468e+00	4.381e+00	7.655e-04	5.916e-03	6.682e-03
4.56942e+00	4.425e+00	7.732e-04	5.926e-03	6.699e-03
4.55422e+00	4.470e+00	7.809e-04	5.937e-03	6.718e-03
4.53907e+00	4.515e+00	7.888e-04	5.947e-03	6.736e-03
4.52396e+00	4.560e+00	7.967e-04	6.317e-03	7.113e-03
4.50891e+00	4.605e+00	8.045e-04	5.967e-03	6.772e-03
4.49391e+00	4.649e+00	8.122e-04	5.978e-03	6.790e-03
4.47895e+00	4.698e+00	8.209e-04	5.988e-03	6.809e-03
4.46405e+00	4.744e+00	8.288e-04	6.522e-03	7.351e-03
4.44920e+00	4.791e+00	8.370e-04	6.724e-03	7.561e-03
4.43439e+00	4.839e+00	8.454e-04	2.860e-02	2.944e-02
4.41964e+00	4.887e+00	8.538e-04	6.747e-03	7.601e-03
4.40493e+00	4.936e+00	8.624e-04	9.299e-03	1.016e-02
4.39027e+00	4.986e+00	8.710e-04	6.811e-03	7.682e-03
4.37567e+00	5.035e+00	8.798e-04	1.036e-01	1.045e-01
4.36111e+00	5.086e+00	8.886e-04	6.795e-03	7.683e-03
4.34659e+00	5.137e+00	8.975e-04	6.805e-03	7.703e-03
4.33213e+00	5.188e+00	9.065e-04	6.817e-03	7.723e-03
4.31772e+00	5.240e+00	9.155e-04	6.828e-03	7.744e-03
4.30335e+00	5.302e+00	9.263e-04	6.840e-03	7.766e-03
4.28903e+00	5.374e+00	9.389e-04	1.008e-01	1.017e-01
4.27476e+00	5.399e+00	9.433e-04	6.863e-03	7.806e-03
4.26054e+00	5.454e+00	9.528e-04	6.874e-03	7.827e-03
4.24636e+00	5.508e+00	9.623e-04	1.225e-02	1.321e-02
4.23223e+00	5.563e+00	9.720e-04	6.897e-03	7.869e-03
4.21815e+00	5.622e+00	9.823e-04	6.909e-03	7.891e-03
4.20411e+00	5.675e+00	9.916e-04	6.920e-03	7.912e-03
4.19012e+00	5.732e+00	1.001e-03	7.025e-03	8.026e-03
4.17618e+00	5.790e+00	1.012e-03	8.238e-02	8.339e-02
4.16228e+00	5.848e+00	1.022e-03	9.945e-03	1.097e-02
4.14843e+00	5.906e+00	1.032e-03	7.076e-03	8.108e-03
4.13463e+00	5.965e+00	1.042e-03	6.985e-03	8.027e-03
4.12087e+00	6.073e+00	1.061e-03	5.196e-02	5.302e-02
4.10716e+00	6.085e+00	1.063e-03	7.021e-03	8.084e-03
4.09350e+00	6.146e+00	1.074e-03	7.011e-03	8.085e-03
4.07987e+00	6.207e+00	1.085e-03	3.679e-02	3.787e-02
4.06630e+00	6.270e+00	1.095e-03	7.034e-03	8.129e-03
4.05277e+00	6.975e+00	1.219e-03	3.903e+00	3.904e+00
4.03928e+00	6.416e+00	1.121e-03	4.546e-02	4.658e-02
4.02584e+00	6.460e+00	1.129e-03	6.972e-02	7.085e-02
4.01245e+00	6.525e+00	1.140e-03	9.743e-03	1.088e-02
3.99910e+00	6.590e+00	1.151e-03	7.090e-03	8.242e-03
3.98579e+00	6.656e+00	1.163e-03	7.101e-03	8.264e-03
3.97253e+00	6.720e+00	1.174e-03	7.113e-03	8.287e-03
3.95931e+00	6.790e+00	1.186e-03	7.124e-03	8.310e-03
3.94613e+00	6.857e+00	1.198e-03	7.135e-03	8.333e-03
3.93300e+00	6.926e+00	1.210e-03	7.164e-03	8.375e-03
3.91992e+00	6.996e+00	1.222e-03	7.225e-03	8.447e-03
3.90687e+00	7.066e+00	1.234e-03	6.164e-02	6.287e-02
3.89387e+00	7.136e+00	1.247e-03	7.179e-03	8.426e-03
3.88092e+00	7.208e+00	1.259e-03	7.191e-03	8.450e-03
3.86800e+00	7.280e+00	1.272e-03	7.202e-03	8.473e-03
3.85513e+00	7.352e+00	1.285e-03	7.213e-03	8.497e-03
3.84231e+00	7.426e+00	1.297e-03	7.224e-03	8.521e-03
3.82952e+00	7.500e+00	1.310e-03	7.305e-03	8.615e-03
3.81678e+00	7.575e+00	1.323e-03	5.327e-02	5.459e-02
3.80408e+00	7.651e+00	1.337e-03	7.455e-03	8.791e-03
3.79142e+00	7.728e+00	1.350e-03	7.283e-03	8.633e-03
3.77881e+00	7.805e+00	1.364e-03	7.278e-03	8.642e-03
3.76623e+00	7.883e+00	1.377e-03	8.024e-03	9.401e-03
3.75370e+00	7.961e+00	1.391e-03	4.589e-02	4.728e-02
3.74121e+00	8.061e+00	1.408e-03	5.543e-01	5.557e-01
3.72876e+00	8.121e+00	1.419e-03	1.218e-02	1.360e-02
3.71635e+00	8.203e+00	1.433e-03	7.499e-03	8.932e-03
3.70399e+00	8.263e+00	1.444e-03	1.382e-02	1.526e-02
3.69166e+00	8.368e+00	1.462e-03	4.157e-02	4.303e-02
3.67938e+00	8.451e+00	1.476e-03	7.365e-03	8.842e-03
3.66714e+00	8.535e+00	1.491e-03	7.561e-03	9.052e-03
3.65493e+00	8.621e+00	1.506e-03	7.571e-03	9.077e-03
3.64277e+00	8.707e+00	1.521e-03	3.751e-02	3.903e-02
3.63065e+00	8.794e+00	1.536e-03	7.409e-03	8.945e-03
3.61857e+00	8.882e+00	1.552e-03	7.465e-03	9.017e-03
3.60653e+00	8.971e+00	1.567e-03	3.427e-02	3.583e-02
3.59453e+00	9.060e+00	1.583e-03	7.570e-03	9.153e-03
3.58257e+00	9.151e+00	1.599e-03	9.678e-03	1.128e-02
3.57065e+00	9.242e+00	1.615e-03	3.188e-02	3.350e-02
3.55877e+00	9.334e+00	1.631e-03	7.614e-03	9.245e-03
3.54693e+00	9.427e+00	1.647e-03	3.031e-02	3.195e-02
3.53512e+00	9.522e+00	1.664e-03	7.519e-03	9.183e-03
3.52336e+00	9.617e+00	1.680e-03	2.990e-02	3.158e-02
3.51164e+00	9.713e+00	1.697e-03	7.788e-03	9.485e-03
3.49995e+00	9.810e+00	1.714e-03	3.422e-02	3.593e-02
3.48831e+00	9.908e+00	1.731e-03	1.311e-01	1.328e-01
3.47670e+00	1.001e+01	1.748e-03	8.711e-03	1.046e-02
3.46513e+00	1.011e+01	1.766e-03	1.156e-02	1.332e-02
3.45360e+00	1.021e+01	1.783e-03	7.658e-03	9.442e-03
3.44211e+00	1.031e+01	1.801e-03	7.575e-03	9.376e-03
3.43066e+00	1.041e+01	1.819e-03	7.665e-03	9.484e-03
3.41924e+00	1.052e+01	1.837e-03	7.687e-03	9.524e-03
3.40786e+00	1.062e+01	1.856e-03	7.709e-03	9.564e-03
3.39652e+00	1.073e+01	1.874e-03	7.948e-03	9.822e-03
3.38522e+00	1.083e+01	1.893e-03	8.039e-03	9.932e-03
3.37396e+00	1.094e+01	1.912e-03	7.636e-03	9.548e-03
3.36273e+00	1.106e+01	1.932e-03	7.653e-03	9.584e-03
3.35154e+00	1.116e+01	1.950e-03	7.662e-03	9.613e-03
3.34039e+00	1.127e+01	1.970e-03	7.681e-03	9.651e-03
3.32928e+00	1.139e+01	1.989e-03	8.962e-03	1.095e-02
3.31820e+00	1.150e+01	2.009e-03	8.242e-03	1.025e-02
3.30716e+00	1.161e+01	2.029e-03	7.713e-03	9.742e-03
3.29615e+00	1.173e+01	2.049e-03	3.920e-01	3.940e-01
3.28519e+00	1.184e+01	2.069e-03	1.099e-02	1.306e-02
3.27425e+00	1.195e+01	2.088e-03	9.251e-03	1.134e-02
3.26336e+00	1.207e+01	2.109e-03	9.265e-03	1.137e-02
3.25250e+00	1.219e+01	2.130e-03	9.311e-03	1.144e-02
3.24168e+00	1.231e+01	2.151e-03	9.289e-03	1.144e-02
3.23089e+00	1.244e+01	2.173e-03	9.306e-03	1.148e-02
3.22014e+00	1.256e+01	2.195e-03	9.312e-03	1.151e-02
3.20943e+00	1.269e+01	2.216e-03	9.694e-03	1.191e-02
3.19875e+00	1.281e+01	2.238e-03	9.348e-03	1.159e-02
3.18810e+00	1.294e+01	2.261e-03	9.355e-03	1.162e-02
3.17750e+00	1.307e+01	2.283e-03	9.375e-03	1.166e-02
3.16692e+00	1.320e+01	2.306e-03	1.110e-02	1.340e-02
3.15639e+00	1.333e+01	2.329e-03	9.513e-03	1.184e-02
3.14588e+00	1.346e+01	2.352e-03	9.402e-03	1.175e-02
3.13542e+00	1.360e+01	2.376e-03	9.418e-03	1.179e-02
3.12498e+00	1.373e+01	2.399e-03	9.431e-03	1.183e-02
3.11458e+00	1.387e+01	2.423e-03	9.461e-03	1.188e-02
3.10422e+00	1.401e+01	2.448e-03	9.448e-03	1.190e-02
3.09389e+00	1.438e+01	2.512e-03	9.460e-03	1.197e-02
3.08360e+00	1.429e+01	2.496e-03	9.472e-03	1.197e-02
3.07334e+00	1.443e+01	2.521e-03	9.656e-03	1.218e-02
3.06311e+00	1.458e+01	2.547e-03	9.493e-03	1.204e-02
3.05292e+00	1.472e+01	2.572e-03	9.952e-03	1.252e-02
3.04276e+00	1.487e+01	2.598e-03	2.848e-01	2.874e-01
3.03263e+00	1.502e+01	2.623e-03	1.647e-02	1.909e-02
3.02254e+00	1.517e+01	2.650e-03	9.538e-03	1.219e-02
3.01249e+00	1.532e+01	2.676e-03	9.551e-03	1.223e-02
3.00246e+00	1.547e+01	2.703e-03	9.560e-03	1.226e-02
2.99247e+00	1.562e+01	2.729e-03	9.575e-03	1.230e-02
2.98252e+00	1.578e+01	2.757e-03	1.689e-02	1.965e-02
2.97259e+00	1.593e+01	2.784e-03	9.593e-03	1.238e-02
2.96270e+00	1.609e+01	2.812e-03	9.615e-03	1.243e-02
2.95284e+00	1.625e+01	2.840e-03	9.615e-03	1.246e-02
2.94302e+00	1.642e+01	2.868e-03	9.626e-03	1.249e-02
2.93322e+00	1.658e+01	2.897e-03	1.102e-02	1.392e-02
2.92346e+00	1.674e+01	2.925e-03	9.647e-03	1.257e-02
2.91374e+00	1.691e+01	2.955e-03	2.103e-02	2.398e-02
2.90404e+00	1.708e+01	2.984e-03	9.669e-03	1.265e-02
2.89438e+00	1.725e+01	3.014e-03	9.692e-03	1.271e-02
2.88475e+00	1.742e+01	3.044e-03	1.005e-02	1.310e-02
2.87515e+00	1.759e+01	3.074e-03	2.171e-01	2.202e-01
2.86558e+00	1.777e+01	3.104e-03	1.562e-02	1.873e-02
2.85605e+00	1.795e+01	3.135e-03	1.250e-02	1.563e-02
2.84654e+00	1.812e+01	3.167e-03	9.731e-03	1.290e-02
2.83707e+00	1.830e+01	3.198e-03	1.702e-02	2.022e-02
2.82763e+00	1.855e+01	3.240e-03	9.827e-03	1.307e-02
2.81822e+00	1.869e+01	3.266e-03	9.834e-03	1.310e-02
2.80885e+00	1.886e+01	3.295e-03	1.194e-02	1.523e-02
2.79950e+00	1.904e+01	3.327e-03	9.781e-03	1.311e-02
2.79018e+00	1.923e+01	3.360e-03	9.791e-03	1.315e-02
2.78090e+00	1.942e+01	3.394e-03	9.952e-03	1.335e-02
2.77165e+00	1.962e+01	3.427e-03	1.241e-02	1.584e-02
2.76242e+00	1.980e+01	3.459e-03	1.709e-01	1.743e-01
2.75323e+00	2.001e+01	3.496e-03	1.574e-02	1.924e-02
2.74407e+00	2.021e+01	3.531e-03	9.840e-03	1.337e-02
2.73494e+00	2.041e+01	3.566e-03	9.850e-03	1.342e-02
2.72584e+00	2.061e+01	3.601e-03	9.859e-03	1.346e-02
2.71677e+00	2.082e+01	3.637e-03	1.201e-02	1.565e-02
2.70773e+00	2.102e+01	3.673e-03	9.883e-03	1.356e-02
2.69872e+00	2.123e+01	3.709e-03	9.888e-03	1.360e-02
2.68974e+00	2.144e+01	3.746e-03	1.115e-02	1.490e-02
2.68079e+00	2.166e+01	3.784e-03	9.906e-03	1.369e-02
2.67187e+00	2.187e+01	3.821e-03	1.492e-01	1.530e-01
2.66298e+00	2.209e+01	3.859e-03	9.931e-03	1.379e-02
2.65412e+00	2.234e+01	3.902e-03	1.216e-02	1.606e-02
2.64529e+00	2.253e+01	3.936e-03	9.943e-03	1.388e-02
2.63649e+00	2.275e+01	3.975e-03	9.952e-03	1.393e-02
2.62771e+00	2.332e+01	4.074e-03	2.330e+00	2.335e+00
2.61897e+00	2.318e+01	4.050e-03	3.867e-02	4.272e-02
2.61026e+00	2.344e+01	4.095e-03	1.218e-01	1.259e-01
2.60157e+00	2.367e+01	4.136e-03	9.988e-03	1.412e-02
2.59291e+00	2.390e+01	4.176e-03	1.077e-02	1.495e-02
2.58429e+00	2.414e+01	4.218e-03	1.014e-02	1.435e-02
2.57569e+00	2.438e+01	4.260e-03	1.024e-02	1.450e-02
2.56712e+00	2.463e+01	4.302e-03	1.019e-01	1.062e-01
2.55857e+00	2.487e+01	4.345e-03	1.120e-02	1.555e-02
2.55006e+00	2.512e+01	4.388e-03	1.004e-02	1.443e-02
2.54158e+00	2.537e+01	4.432e-03	1.024e-02	1.468e-02
2.53312e+00	2.562e+01	4.476e-03	1.071e-02	1.519e-02
2.52469e+00	2.587e+01	4.520e-03	8.901e-02	9.353e-02
2.51629e+00	2.613e+01	4.565e-03	1.010e-02	1.467e-02
2.50792e+00	2.639e+01	4.610e-03	1.021e-02	1.482e-02
2.49957e+00	2.665e+01	4.656e-03	1.028e-02	1.493e-02
2.49125e+00	2.692e+01	4.702e-03	7.790e-02	8.260e-02
2.48297e+00	2.718e+01	4.749e-03	1.078e-02	1.553e-02
2.47470e+00	2.738e+01	4.784e-03	1.599e-02	2.078e-02
2.46647e+00	2.772e+01	4.844e-03	6.892e-02	7.377e-02
2.45826e+00	2.800e+01	4.892e-03	1.023e-02	1.512e-02
2.45008e+00	2.828e+01	4.940e-03	6.152e-02	6.646e-02
2.44193e+00	2.856e+01	4.989e-03	1.090e-02	1.589e-02
2.43380e+00	2.884e+01	5.039e-03	5.549e-02	6.053e-02
2.42571e+00	2.922e+01	5.104e-03	1.083e-02	1.593e-02
2.41764e+00	2.942e+01	5.139e-03	5.190e-02	5.704e-02
2.40959e+00	2.971e+01	5.190e-03	1.071e-02	1.590e-02
2.40157e+00	3.000e+01	5.242e-03	4.939e-02	5.463e-02
2.39358e+00	3.030e+01	5.294e-03	4.906e-02	5.435e-02
2.38562e+00	3.060e+01	5.346e-03	5.534e-02	6.069e-02
2.37768e+00	3.095e+01	5.407e-03	2.238e-01	2.292e-01
2.36977e+00	3.121e+01	5.453e-03	1.889e-02	2.434e-02
2.36188e+00	3.152e+01	5.507e-03	1.548e-02	2.098e-02
2.35402e+00	3.183e+01	5.561e-03	1.022e-02	1.579e-02
2.34619e+00	3.213e+01	5.613e-03	1.052e-02	1.613e-02
2.33838e+00	3.246e+01	5.672e-03	1.053e-02	1.621e-02
2.33060e+00	3.279e+01	5.728e-03	1.025e-02	1.597e-02
2.32285e+00	3.311e+01	5.785e-03	1.050e-02	1.628e-02
2.31512e+00	3.344e+01	5.842e-03	1.057e-02	1.641e-02
2.30742e+00	3.377e+01	5.900e-03	1.370e-02	1.960e-02
2.29974e+00	3.411e+01	5.959e-03	1.149e-02	1.745e-02
2.29209e+00	3.444e+01	6.018e-03	1.028e-02	1.630e-02
2.28446e+00	3.478e+01	6.077e-03	1.040e-02	1.648e-02
2.27686e+00	3.506e+01	6.126e-03	1.341e-02	1.953e-02
2.26928e+00	3.540e+01	6.184e-03	1.414e-02	2.033e-02
2.26173e+00	3.575e+01	6.245e-03	1.408e-02	2.032e-02
2.25421e+00	3.609e+01	6.305e-03	1.443e-02	2.073e-02
2.24670e+00	3.646e+01	6.370e-03	1.526e-02	2.163e-02
2.23923e+00	3.682e+01	6.433e-03	1.411e-02	2.054e-02
2.23178e+00	3.718e+01	6.496e-03	1.422e-02	2.072e-02
2.22435e+00	3.755e+01	6.560e-03	2.571e-02	3.227e-02
2.21695e+00	3.792e+01	6.625e-03	1.412e-02	2.075e-02
2.20957e+00	3.830e+01	6.691e-03	1.423e-02	2.092e-02
2.20222e+00	3.868e+01	6.757e-03	1.420e-02	2.096e-02
2.19489e+00	3.906e+01	6.824e-03	1.416e-02	2.098e-02
2.18759e+00	3.946e+01	6.894e-03	1.718e-02	2.407e-02
2.18031e+00	3.984e+01	6.960e-03	1.426e-02	2.122e-02
2.17306e+00	4.023e+01	7.029e-03	1.418e-02	2.121e-02
2.16583e+00	4.050e+01	7.075e-03	1.458e+00	1.465e+00
2.15862e+00	4.103e+01	7.168e-03	3.538e-02	4.255e-02
2.15144e+00	4.143e+01	7.239e-03	1.421e-02	2.145e-02
2.14428e+00	4.184e+01	7.311e-03	1.424e-02	2.155e-02
2.13714e+00	4.226e+01	7.383e-03	1.423e-02	2.161e-02
2.13003e+00	4.268e+01	7.456e-03	1.694e-02	2.440e-02
2.12294e+00	4.310e+01	7.530e-03	1.431e-02	2.184e-02
2.11588e+00	4.322e+01	7.551e-03	3.823e-02	4.578e-02
2.10884e+00	4.391e+01	7.672e-03	1.430e-02	2.197e-02
2.10182e+00	4.439e+01	7.755e-03	1.427e-02	2.202e-02
2.09483e+00	4.483e+01	7.832e-03	1.447e-02	2.230e-02
2.08786e+00	4.527e+01	7.909e-03	1.438e-02	2.229e-02
2.08091e+00	4.572e+01	7.988e-03	1.452e-02	2.251e-02
2.07399e+00	4.618e+01	8.068e-03	1.742e-02	2.549e-02
2.06709e+00	4.660e+01	8.142e-03	1.427e-02	2.242e-02
2.06021e+00	4.608e+01	8.050e-03	7.591e-01	7.671e-01
2.05335e+00	4.755e+01	8.308e-03	1.428e-02	2.259e-02
2.04652e+00	4.802e+01	8.390e-03	2.319e-02	3.158e-02
2.03971e+00	4.848e+01	8.470e-03	1.429e-02	2.276e-02
2.03292e+00	4.897e+01	8.556e-03	1.456e-02	2.312e-02
2.02616e+00	4.946e+01	8.641e-03	1.430e-02	2.294e-02
2.01942e+00	4.994e+01	8.725e-03	1.442e-02	2.314e-02
2.01270e+00	5.041e+01	8.808e-03	1.551e-02	2.432e-02
2.00600e+00	5.094e+01	8.899e-03	2.003e-02	2.893e-02
1.99933e+00	5.144e+01	8.987e-03	1.432e-02	2.331e-02
1.99267e+00	5.195e+01	9.076e-03	1.433e-02	2.340e-02
1.98604e+00	5.246e+01	9.165e-03	1.433e-02	2.350e-02
1.97944e+00	5.298e+01	9.256e-03	1.434e-02	2.359e-02
1.97285e+00	5.350e+01	9.347e-03	1.434e-02	2.369e-02
1.96628e+00	5.403e+01	9.439e-03	1.562e-02	2.506e-02
1.95974e+00	5.456e+01	9.532e-03	1.679e-02	2.632e-02
1.95322e+00	5.486e+01	9.584e-03	4.967e-02	5.925e-02
1.94672e+00	5.535e+01	9.670e-03	9.708e-01	9.805e-01
1.94024e+00	5.608e+01	9.798e-03	1.323e-01	1.421e-01
1.93379e+00	5.675e+01	9.914e-03	1.436e-02	2.428e-02
1.92735e+00	5.731e+01	1.001e-02	1.437e-02	2.438e-02
1.92094e+00	5.787e+01	1.011e-02	1.437e-02	2.448e-02
1.91455e+00	5.844e+01	1.021e-02	1.521e-02	2.542e-02
1.90818e+00	5.948e+01	1.039e-02	4.254e-02	5.293e-02
1.90183e+00	5.960e+01	1.041e-02	1.621e-02	2.662e-02
1.89550e+00	6.019e+01	1.052e-02	1.440e-02	2.492e-02
1.88919e+00	6.077e+01	1.062e-02	1.438e-02	2.500e-02
1.88291e+00	6.138e+01	1.072e-02	1.438e-02	2.511e-02
1.87664e+00	6.297e+01	1.100e-02	1.657e+01	1.658e+01
1.87040e+00	6.267e+01	1.095e-02	4.764e-01	4.873e-01
1.86417e+00	6.362e+01	1.111e-02	1.439e-02	2.551e-02
1.85797e+00	6.372e+01	1.113e-02	2.446e-02	3.559e-02
1.85179e+00	6.446e+01	1.126e-02	1.439e-02	2.566e-02
1.84563e+00	6.510e+01	1.137e-02	1.440e-02	2.577e-02
1.83949e+00	6.574e+01	1.148e-02	1.440e-02	2.588e-02
1.83337e+00	6.638e+01	1.160e-02	1.614e-02	2.774e-02
1.82726e+00	6.704e+01	1.171e-02	1.440e-02	2.611e-02
1.82118e+00	6.770e+01	1.183e-02	1.440e-02	2.623e-02
1.81512e+00	6.836e+01	1.194e-02	6.969e-01	7.088e-01
1.80909e+00	6.905e+01	1.206e-02	1.542e+00	1.554e+00
1.80307e+00	6.972e+01	1.218e-02	2.014e-01	2.136e-01
1.79707e+00	7.040e+01	1.230e-02	9.151e-02	1.038e-01
1.79109e+00	7.110e+01	1.242e-02	1.441e-02	2.683e-02
1.78513e+00	7.179e+01	1.254e-02	1.443e-02	2.697e-02
1.77919e+00	7.250e+01	1.267e-02	1.441e-02	2.708e-02
1.77327e+00	7.321e+01	1.279e-02	1.441e-02	2.720e-02
1.76737e+00	7.393e+01	1.292e-02	1.500e-02	2.792e-02
1.76149e+00	7.466e+01	1.304e-02	1.449e-02	2.754e-02
1.75562e+00	7.541e+01	1.317e-02	1.441e-02	2.758e-02
1.74978e+00	7.614e+01	1.330e-02	2.955e-02	4.285e-02
1.74396e+00	7.689e+01	1.343e-02	6.266e-02	7.610e-02
1.73816e+00	7.772e+01	1.358e-02	5.003e-01	5.138e-01
1.73237e+00	7.838e+01	1.369e-02	2.407e-02	3.776e-02
1.72661e+00	7.918e+01	1.383e-02	1.568e-02	2.951e-02
1.72086e+00	7.996e+01	1.397e-02	1.441e-02	2.838e-02
1.71514e+00	8.075e+01	1.411e-02	1.451e-02	2.862e-02
1.70943e+00	8.154e+01	1.425e-02	6.214e-02	7.638e-02
1.70374e+00	8.217e+01	1.436e-02	1.441e-02	2.876e-02
1.69807e+00	8.214e+01	1.435e-02	9.398e-02	1.083e-01
1.69242e+00	8.387e+01	1.465e-02	1.548e-02	3.013e-02
1.68679e+00	8.479e+01	1.481e-02	1.440e-02	2.922e-02
1.68118e+00	8.575e+01	1.498e-02	4.159e-01	4.309e-01
1.67559e+00	8.644e+01	1.510e-02	2.980e-01	3.131e-01
1.67001e+00	8.730e+01	1.525e-02	1.888e-02	3.413e-02
1.66445e+00	8.817e+01	1.541e-02	9.620e-02	1.116e-01
1.65892e+00	8.904e+01	1.556e-02	1.440e-02	2.995e-02
1.65340e+00	8.990e+01	1.571e-02	1.526e-02	3.097e-02
1.64789e+00	9.069e+01	1.584e-02	1.440e-02	3.025e-02
1.64241e+00	9.169e+01	1.602e-02	7.892e+00	7.908e+00
1.63695e+00	9.259e+01	1.618e-02	1.989e-02	3.607e-02
1.63150e+00	9.350e+01	1.634e-02	1.439e-02	3.072e-02
1.62607e+00	9.442e+01	1.650e-02	1.448e-02	3.098e-02
1.62066e+00	9.534e+01	1.666e-02	1.510e-02	3.176e-02
1.61527e+00	9.628e+01	1.682e-02	1.793e-02	3.475e-02
1.60989e+00	9.722e+01	1.699e-02	2.753e-01	2.923e-01
1.60454e+00	9.818e+01	1.715e-02	1.437e-02	3.153e-02
1.59920e+00	9.914e+01	1.732e-02	1.896e-01	2.069e-01
1.59388e+00	1.001e+02	1.749e-02	1.462e-02	3.211e-02
1.58857e+00	1.011e+02	1.765e-02	2.271e-01	2.447e-01
1.58329e+00	1.021e+02	1.784e-02	1.716e-02	3.500e-02
1.57802e+00	1.031e+02	1.801e-02	1.775e-02	3.576e-02
1.57277e+00	1.040e+02	1.817e-02	1.880e-01	2.062e-01
1.56753e+00	1.051e+02	1.837e-02	2.038e-02	3.875e-02
1.56232e+00	1.062e+02	1.855e-02	1.435e-02	3.290e-02
1.55712e+00	1.072e+02	1.873e-02	1.636e-01	1.824e-01
1.55194e+00	1.082e+02	1.891e-02	1.976e-02	3.867e-02
1.54677e+00	1.093e+02	1.910e-02	1.539e-01	1.730e-01
1.54163e+00	1.104e+02	1.928e-02	1.907e-02	3.835e-02
1.53650e+00	1.115e+02	1.947e-02	1.238e-01	1.433e-01
1.53139e+00	1.125e+02	1.966e-02	4.038e-01	4.235e-01
1.52629e+00	1.137e+02	1.986e-02	1.138e-01	1.337e-01
1.52121e+00	1.148e+02	2.005e-02	1.014e-01	1.215e-01
1.51615e+00	1.159e+02	2.025e-02	9.564e-02	1.159e-01
1.51110e+00	1.169e+02	2.043e-02	1.056e-01	1.260e-01
1.50608e+00	1.182e+02	2.064e-02	8.920e-02	1.098e-01
1.50107e+00	1.193e+02	2.085e-02	1.061e-01	1.270e-01
1.49607e+00	1.205e+02	2.105e-02	4.287e-01	4.498e-01
1.49109e+00	1.216e+02	2.125e-02	2.636e-02	4.760e-02
1.48613e+00	1.228e+02	2.145e-02	1.448e-02	3.594e-02
1.48119e+00	1.241e+02	2.168e-02	1.538e-02	3.705e-02
1.47626e+00	1.251e+02	2.185e-02	1.447e-02	3.633e-02
1.47135e+00	1.265e+02	2.210e-02	1.527e-02	3.737e-02
1.46645e+00	1.277e+02	2.232e-02	1.526e-02	3.757e-02
1.46157e+00	1.290e+02	2.253e-02	1.525e-02	3.779e-02
1.45671e+00	1.295e+02	2.263e-02	2.551e-02	4.814e-02
1.45186e+00	1.307e+02	2.284e-02	2.629e-02	4.913e-02
1.44703e+00	1.320e+02	2.306e-02	2.785e-02	5.091e-02
1.44221e+00	1.333e+02	2.329e-02	2.903e-02	5.232e-02
1.43742e+00	1.346e+02	2.351e-02	2.546e-02	4.898e-02
1.43263e+00	1.359e+02	2.374e-02	2.593e-02	4.967e-02
1.42787e+00	1.372e+02	2.397e-02	2.543e-02	4.941e-02
1.42311e+00	1.386e+02	2.421e-02	2.547e-02	4.968e-02
1.41838e+00	1.399e+02	2.445e-02	2.590e-02	5.034e-02
1.41366e+00	1.413e+02	2.468e-02	2.542e-02	5.011e-02
1.40896e+00	1.427e+02	2.492e-02	2.589e-02	5.081e-02
1.40427e+00	1.440e+02	2.517e-02	2.549e-02	5.065e-02
1.39959e+00	1.454e+02	2.541e-02	2.546e-02	5.087e-02
1.39494e+00	1.469e+02	2.566e-02	2.565e-02	5.131e-02
1.39030e+00	1.483e+02	2.591e-02	2.543e-02	5.134e-02
1.38567e+00	1.497e+02	2.616e-02	2.557e-02	5.173e-02
1.38106e+00	1.512e+02	2.642e-02	2.566e-02	5.208e-02
1.37646e+00	1.527e+02	2.668e-02	2.531e-02	5.199e-02
1.37188e+00	1.540e+02	2.691e-02	1.436e+00	1.463e+00
1.36732e+00	1.557e+02	2.720e-02	2.549e-02	5.269e-02
1.36277e+00	1.572e+02	2.746e-02	2.532e-02	5.278e-02
1.35823e+00	1.587e+02	2.773e-02	2.558e-02	5.332e-02
1.35372e+00	1.603e+02	2.800e-02	2.535e-02	5.335e-02
1.34921e+00	1.618e+02	2.828e-02	2.519e-02	5.347e-02
1.34472e+00	1.634e+02	2.855e-02	2.537e-02	5.392e-02
1.34025e+00	1.650e+02	2.883e-02	2.867e-02	5.750e-02
1.33579e+00	1.666e+02	2.911e-02	2.511e-02	5.422e-02
1.33134e+00	1.682e+02	2.939e-02	2.508e-02	5.448e-02
1.32691e+00	1.699e+02	2.968e-02	2.173e-01	2.470e-01
1.32250e+00	1.715e+02	2.997e-02	2.385e+00	2.415e+00
1.31810e+00	1.732e+02	3.026e-02	3.639e-02	6.665e-02
1.31371e+00	1.749e+02	3.056e-02	2.499e-02	5.555e-02
1.30934e+00	1.766e+02	3.085e-02	2.516e-02	5.602e-02
1.30498e+00	1.783e+02	3.115e-02	2.507e-02	5.622e-02
1.30064e+00	1.801e+02	3.146e-02	3.869e-02	7.015e-02
1.29631e+00	1.820e+02	3.179e-02	4.463e-01	4.781e-01
1.29200e+00	1.836e+02	3.207e-02	2.514e-02	5.722e-02
1.28770e+00	1.854e+02	3.238e-02	2.492e-02	5.731e-02
1.28342e+00	1.853e+02	3.237e-02	8.305e+00	8.337e+00
1.27915e+00	1.873e+02	3.273e-02	3.915e-01	4.242e-01
1.27489e+00	1.908e+02	3.334e-02	2.674e-02	6.008e-02
1.27065e+00	1.927e+02	3.367e-02	1.142e-01	1.478e-01
1.26642e+00	1.946e+02	3.399e-02	2.470e-02	5.869e-02
1.26221e+00	1.965e+02	3.432e-02	2.467e-02	5.899e-02
1.25801e+00	1.984e+02	3.466e-02	8.949e+00	8.983e+00
1.25382e+00	1.996e+02	3.487e-02	1.024e-01	1.373e-01
1.24965e+00	2.022e+02	3.533e-02	9.705e-02	1.324e-01
1.24549e+00	2.042e+02	3.568e-02	2.573e-02	6.140e-02
1.24135e+00	2.062e+02	3.602e-02	2.465e-02	6.067e-02
1.23721e+00	2.082e+02	3.637e-02	2.924e-02	6.561e-02
1.23310e+00	2.102e+02	3.673e-02	3.185e-02	6.857e-02
1.22899e+00	2.123e+02	3.709e-02	2.970e-02	6.679e-02
1.22491e+00	2.143e+02	3.745e-02	2.483e-02	6.228e-02
1.22083e+00	2.164e+02	3.781e-02	2.830e-02	6.611e-02
1.21677e+00	2.185e+02	3.818e-02	2.438e-02	6.256e-02
1.21272e+00	2.203e+02	3.848e-02	2.576e-02	6.424e-02
1.20868e+00	2.228e+02	3.892e-02	2.433e-02	6.325e-02
1.20466e+00	2.249e+02	3.930e-02	2.429e-02	6.359e-02
1.20065e+00	2.271e+02	3.968e-02	2.431e-02	6.399e-02
1.19666e+00	2.270e+02	3.966e-02	7.841e-02	1.181e-01
1.19268e+00	2.316e+02	4.045e-02	2.249e-01	2.654e-01
1.18871e+00	2.338e+02	4.085e-02	2.417e-02	6.502e-02
1.18475e+00	2.361e+02	4.125e-02	2.700e-02	6.825e-02
1.18081e+00	2.384e+02	4.164e-02	2.411e-02	6.575e-02
1.17688e+00	2.407e+02	4.205e-02	2.408e-02	6.612e-02
1.17297e+00	2.430e+02	4.245e-02	2.405e-02	6.650e-02
1.16906e+00	2.449e+02	4.278e-02	2.402e-02	6.680e-02
1.16517e+00	2.476e+02	4.326e-02	2.435e-02	6.761e-02
1.16130e+00	2.495e+02	4.359e-02	3.291e-02	7.650e-02
1.15743e+00	2.526e+02	4.413e-02	2.476e-02	6.888e-02
1.15358e+00	2.550e+02	4.455e-02	2.391e-02	6.846e-02
1.14974e+00	2.575e+02	4.498e-02	2.386e-02	6.885e-02
1.14592e+00	2.600e+02	4.542e-02	2.385e-02	6.927e-02
1.14210e+00	2.625e+02	4.586e-02	2.391e-02	6.977e-02
1.13830e+00	2.650e+02	4.630e-02	2.382e-02	7.013e-02
1.13452e+00	2.675e+02	4.673e-02	2.526e-02	7.199e-02
1.13074e+00	2.702e+02	4.721e-02	4.337e-02	9.058e-02
1.12698e+00	2.730e+02	4.769e-02	2.725e-02	7.495e-02
1.12323e+00	2.755e+02	4.812e-02	2.661e-02	7.473e-02
1.11949e+00	2.781e+02	4.859e-02	2.370e-02	7.229e-02
1.11577e+00	2.808e+02	4.905e-02	2.396e-02	7.301e-02
1.11205e+00	2.835e+02	4.952e-02	2.359e-02	7.311e-02
1.10835e+00	2.862e+02	5.000e-02	2.355e-02	7.356e-02
1.10466e+00	2.885e+02	5.041e-02	3.488e-02	8.528e-02
1.10099e+00	2.918e+02	5.097e-02	4.234e-02	9.331e-02
1.09733e+00	2.944e+02	5.143e-02	2.362e-02	7.505e-02
1.09367e+00	2.898e+02	5.063e-02	4.700e+00	4.751e+00
1.09003e+00	2.999e+02	5.240e-02	1.158e-01	1.682e-01
1.08641e+00	3.036e+02	5.080e-02	2.332e-02	7.412e-02
1.08279e+00	3.063e+02	5.351e-02	1.120e+01	1.125e+01
1.07919e+00	3.092e+02	5.402e-02	2.340e-02	7.742e-02
1.07560e+00	3.122e+02	5.454e-02	2.513e-02	7.967e-02
1.07202e+00	3.150e+02	5.504e-02	8.874e-02	1.438e-01
1.06845e+00	3.181e+02	5.558e-02	3.119e-02	8.677e-02
1.06490e+00	3.215e+02	5.617e-02	2.851e-02	8.468e-02
1.06135e+00	3.247e+02	5.673e-02	2.436e-02	8.109e-02
1.05782e+00	3.275e+02	5.722e-02	2.385e-02	8.106e-02
1.05430e+00	3.306e+02	5.776e-02	2.466e-02	8.242e-02
1.05080e+00	3.338e+02	5.831e-02	2.775e-02	8.606e-02
1.04730e+00	3.370e+02	5.888e-02	2.553e-02	8.441e-02
1.04381e+00	3.397e+02	5.934e-02	2.299e-02	8.233e-02
1.04034e+00	3.434e+02	6.000e-02	2.823e-02	8.823e-02
1.03688e+00	3.468e+02	6.060e-02	9.291e-02	1.535e-01
1.03343e+00	3.501e+02	6.117e-02	3.627e-01	4.239e-01
1.02999e+00	3.532e+02	6.171e-02	1.966e-01	2.583e-01
1.02656e+00	3.567e+02	6.231e-02	2.277e-02	8.508e-02
1.02315e+00	3.604e+02	6.296e-02	2.344e-02	8.640e-02
1.01974e+00	3.639e+02	6.357e-02	4.492e-02	1.085e-01
1.01635e+00	3.673e+02	6.417e-02	2.278e-02	8.694e-02
1.01297e+00	3.628e+02	6.338e-02	3.717e-02	1.006e-01
1.00960e+00	3.744e+02	6.540e-02	2.274e-02	8.815e-02
1.00624e+00	3.710e+02	6.482e-02	2.889e+00	2.954e+00
1.00289e+00	3.782e+02	6.607e-02	9.770e-02	1.638e-01
9.99553e-01	3.854e+02	6.734e-02	2.324e-02	9.058e-02
9.96227e-01	3.892e+02	6.800e-02	2.534e-02	9.334e-02
9.92912e-01	3.930e+02	6.866e-02	2.334e-02	9.200e-02
9.89608e-01	3.968e+02	6.932e-02	4.385e-02	1.132e-01
9.86315e-01	4.006e+02	6.998e-02	3.588e-02	1.059e-01
9.83033e-01	4.044e+02	7.065e-02	2.810e-02	9.876e-02
9.79762e-01	4.085e+02	7.136e-02	2.333e-02	9.469e-02
9.76502e-01	4.115e+02	7.190e-02	2.243e-02	9.433e-02
9.73253e-01	4.163e+02	7.274e-02	2.227e-02	9.500e-02
9.70014e-01	4.212e+02	7.359e-02	2.313e-02	9.672e-02
9.66787e-01	4.243e+02	7.413e-02	2.256e-02	9.669e-02
9.63570e-01	4.277e+02	7.473e-02	3.173e-02	1.065e-01
9.60364e-01	4.324e+02	7.555e-02	3.043e-02	1.060e-01
9.57168e-01	4.366e+02	7.628e-02	2.211e-02	9.839e-02
9.53983e-01	4.292e+02	7.498e-02	4.756e+01	4.764e+01
9.50809e-01	4.447e+02	7.770e-02	6.947e-02	1.472e-01
9.47645e-01	4.493e+02	7.850e-02	9.801e-02	1.765e-01
9.44492e-01	4.537e+02	7.926e-02	2.199e-02	1.013e-01
9.41349e-01	4.585e+02	8.010e-02	5.332e-02	1.334e-01
9.38217e-01	4.617e+02	8.067e-02	2.413e-02	1.048e-01
9.35095e-01	4.627e+02	8.085e-02	2.518e-02	1.060e-01
9.31984e-01	4.713e+02	8.234e-02	2.882e-02	1.112e-01
9.28883e-01	4.759e+02	8.314e-02	2.185e-02	1.050e-01
9.25792e-01	4.804e+02	8.394e-02	8.549e-02	1.694e-01
9.22711e-01	4.844e+02	8.463e-02	1.533e+00	1.618e+00
9.19641e-01	4.897e+02	8.555e-02	2.176e-02	1.073e-01
9.16581e-01	4.944e+02	8.637e-02	2.173e-02	1.081e-01
9.13531e-01	4.991e+02	8.720e-02	6.758e-02	1.548e-01
9.10492e-01	5.033e+02	8.793e-02	2.169e-02	1.096e-01
9.07462e-01	5.084e+02	8.883e-02	1.822e+01	1.830e+01
9.04442e-01	5.136e+02	8.974e-02	2.385e-01	3.283e-01
9.01433e-01	5.180e+02	9.049e-02	1.021e+00	1.112e+00
8.98434e-01	5.216e+02	9.113e-02	2.157e-02	1.127e-01
8.95444e-01	5.284e+02	9.231e-02	2.154e-02	1.139e-01
8.92465e-01	5.332e+02	9.316e-02	2.838e-02	1.215e-01
8.89495e-01	5.387e+02	9.411e-02	2.627e-01	3.568e-01
8.86535e-01	5.439e+02	9.502e-02	9.439e-01	1.039e+00
8.83585e-01	5.491e+02	9.592e-02	4.747e-02	1.434e-01
8.80645e-01	5.543e+02	9.684e-02	3.173e-02	1.286e-01
8.77715e-01	5.596e+02	9.777e-02	4.720e-02	1.450e-01
8.74794e-01	5.649e+02	9.870e-02	7.683e-01	8.670e-01
8.71884e-01	5.703e+02	9.965e-02	3.254e-02	1.322e-01
8.68983e-01	5.758e+02	1.006e-01	3.597e-02	1.366e-01
8.66091e-01	5.813e+02	1.016e-01	6.483e-01	7.498e-01
8.63209e-01	5.868e+02	1.025e-01	8.745e-01	9.770e-01
8.60337e-01	5.924e+02	1.035e-01	5.088e-01	6.123e-01
8.57474e-01	5.981e+02	1.045e-01	2.296e-01	3.341e-01
8.54621e-01	6.038e+02	1.055e-01	4.753e-01	5.808e-01
8.51777e-01	6.090e+02	1.064e-01	3.745e-01	4.809e-01
8.48943e-01	6.126e+02	1.070e-01	3.861e-02	1.456e-01
8.46118e-01	6.213e+02	1.085e-01	3.518e-01	4.603e-01
8.43303e-01	6.272e+02	1.096e-01	3.059e-01	4.155e-01
8.40497e-01	6.332e+02	1.106e-01	4.516e-01	5.622e-01
8.37700e-01	6.384e+02	1.115e-01	2.363e-01	3.479e-01
8.34913e-01	6.448e+02	1.126e-01	5.828e-01	6.954e-01
8.32135e-01	6.511e+02	1.138e-01	9.974e-01	1.111e+00
8.29366e-01	6.572e+02	1.148e-01	6.520e-02	1.800e-01
8.26606e-01	6.612e+02	1.155e-01	3.265e-02	1.482e-01
8.23856e-01	6.665e+02	1.164e-01	4.898e-02	1.654e-01
8.21114e-01	6.709e+02	1.172e-01	5.450e-02	1.717e-01
8.18382e-01	6.680e+02	1.167e-01	7.416e-02	1.909e-01
8.15659e-01	6.743e+02	1.178e-01	7.380e-02	1.916e-01
8.12945e-01	6.806e+02	1.189e-01	9.259e-02	2.115e-01
8.10240e-01	6.871e+02	1.201e-01	6.754e-02	1.876e-01
8.07544e-01	6.937e+02	1.212e-01	7.122e-02	1.924e-01
8.04857e-01	6.998e+02	1.223e-01	7.613e-02	1.984e-01
8.02179e-01	7.069e+02	1.235e-01	6.936e-02	1.929e-01
7.99510e-01	7.135e+02	1.247e-01	9.300e-02	2.177e-01
7.96849e-01	7.204e+02	1.259e-01	7.155e-02	1.974e-01
7.94198e-01	7.272e+02	1.270e-01	1.910e-01	3.180e-01
7.91555e-01	7.331e+02	1.281e-01	6.472e-02	1.928e-01
7.88921e-01	7.412e+02	1.295e-01	7.984e-02	2.093e-01
7.86296e-01	7.467e+02	1.304e-01	6.416e-02	1.946e-01
7.83680e-01	7.539e+02	1.317e-01	6.460e-02	1.963e-01
7.81072e-01	7.620e+02	1.331e-01	6.513e-02	1.983e-01
7.78473e-01	7.690e+02	1.344e-01	1.210e-01	2.553e-01
7.75883e-01	7.765e+02	1.357e-01	5.284e-01	6.641e-01
7.73301e-01	7.838e+02	1.369e-01	6.874e-02	2.057e-01
7.70728e-01	7.913e+02	1.382e-01	6.492e-02	2.032e-01
7.68164e-01	8.007e+02	1.399e-01	1.697e-01	3.096e-01
7.65608e-01	8.065e+02	1.409e-01	7.950e-02	2.204e-01
7.63060e-01	8.144e+02	1.423e-01	2.889e-01	4.312e-01
7.60521e-01	8.189e+02	1.431e-01	6.487e-02	2.079e-01
7.57991e-01	8.280e+02	1.447e-01	6.300e-02	2.077e-01
7.55469e-01	8.378e+02	1.464e-01	6.264e-02	2.090e-01
7.52955e-01	8.458e+02	1.478e-01	6.372e-02	2.115e-01
7.50449e-01	8.529e+02	1.490e-01	6.175e-02	2.108e-01
7.47952e-01	8.601e+02	1.503e-01	7.304e-02	2.233e-01
7.45464e-01	8.691e+02	1.518e-01	1.469e-01	2.987e-01
7.42983e-01	8.760e+02	1.530e-01	6.305e-02	2.161e-01
7.40511e-01	8.854e+02	1.547e-01	8.836e-02	2.431e-01
7.38047e-01	8.944e+02	1.563e-01	6.001e-01	7.564e-01
7.35591e-01	9.032e+02	1.578e-01	6.025e-02	2.180e-01
7.33144e-01	9.115e+02	1.592e-01	1.232e+00	1.392e+00
7.30704e-01	9.201e+02	1.608e-01	6.355e-02	2.243e-01
7.28273e-01	9.250e+02	1.616e-01	7.673e-01	9.289e-01
7.25849e-01	9.374e+02	1.638e-01	6.701e-02	2.308e-01
7.23434e-01	9.460e+02	1.653e-01	8.593e-02	2.512e-01
7.21027e-01	9.537e+02	1.666e-01	5.894e-02	2.256e-01
7.18628e-01	9.603e+02	1.678e-01	5.933e-02	2.271e-01
7.16237e-01	9.731e+02	1.700e-01	3.454e-01	5.154e-01
7.13853e-01	9.826e+02	1.717e-01	1.999e+00	2.170e+00
7.11478e-01	9.919e+02	1.733e-01	5.800e-02	2.313e-01
7.09111e-01	1.001e+03	1.748e-01	5.860e-02	2.334e-01
7.06751e-01	9.877e+02	1.726e-01	1.029e+00	1.201e+00
7.04400e-01	1.020e+03	1.782e-01	5.762e-02	2.358e-01
7.02056e-01	1.030e+03	1.799e-01	5.713e-02	2.371e-01
6.99720e-01	1.039e+03	1.816e-01	5.908e-02	2.407e-01
6.97391e-01	1.049e+03	1.833e-01	6.438e-02	2.477e-01
6.95071e-01	1.059e+03	1.851e-01	5.690e-02	2.420e-01
6.92758e-01	1.070e+03	1.869e-01	5.779e-02	2.447e-01
6.90453e-01	1.076e+03	1.880e-01	5.797e-02	2.460e-01
6.88156e-01	1.089e+03	1.903e-01	6.070e-02	2.510e-01
6.85866e-01	1.099e+03	1.920e-01	6.304e-02	2.551e-01
6.83584e-01	1.110e+03	1.939e-01	5.647e-02	2.504e-01
6.81309e-01	1.118e+03	1.953e-01	6.241e-02	2.577e-01
6.79042e-01	1.131e+03	1.976e-01	5.738e-02	2.550e-01
6.76783e-01	1.141e+03	1.994e-01	5.709e-02	2.565e-01
6.74531e-01	1.151e+03	2.011e-01	6.223e-02	2.633e-01
6.72286e-01	1.171e+03	2.047e-01	1.757e+01	1.777e+01
6.70049e-01	1.171e+03	2.046e-01	5.638e-02	2.610e-01
6.67820e-01	1.167e+03	2.038e-01	8.979e-01	1.102e+00
6.65598e-01	1.196e+03	2.089e-01	5.364e-02	2.626e-01
6.63383e-01	1.207e+03	2.108e-01	5.352e-02	2.644e-01
6.61176e-01	1.217e+03	2.127e-01	5.339e-02	2.661e-01
6.58976e-01	1.223e+03	2.136e-01	4.335e+01	4.356e+01
6.56783e-01	1.077e+03	1.882e-01	1.422e+02	1.424e+02
6.54597e-01	1.235e+03	2.158e-01	1.475e+01	1.497e+01
6.52419e-01	1.259e+03	2.199e-01	6.047e-02	2.804e-01
6.50248e-01	1.276e+03	2.229e-01	5.239e-02	2.753e-01
6.48085e-01	1.285e+03	2.245e-01	5.220e-02	2.767e-01
6.45928e-01	1.300e+03	2.272e-01	5.230e-02	2.795e-01
6.43779e-01	1.313e+03	2.294e-01	5.799e-02	2.874e-01
6.41637e-01	1.322e+03	2.309e-01	5.162e-02	2.826e-01
6.39502e-01	1.336e+03	2.335e-01	5.146e-02	2.850e-01
6.37374e-01	1.350e+03	2.358e-01	1.262e-01	3.620e-01
6.35253e-01	1.362e+03	2.380e-01	5.113e-02	2.891e-01
6.33139e-01	1.375e+03	2.403e-01	5.088e-02	2.911e-01
6.31033e-01	1.384e+03	2.419e-01	6.612e-01	9.031e-01
6.28933e-01	1.401e+03	2.448e-01	5.051e-02	2.953e-01
6.26840e-01	1.414e+03	2.471e-01	5.118e-02	2.983e-01
6.24755e-01	1.427e+03	2.493e-01	5.015e-02	2.995e-01
6.22676e-01	1.437e+03	2.511e-01	5.008e-02	3.011e-01
6.20604e-01	1.453e+03	2.539e-01	5.653e-02	3.104e-01
6.18539e-01	1.467e+03	2.564e-01	4.964e-02	3.060e-01
6.16481e-01	1.478e+03	2.582e-01	5.026e-02	3.084e-01
6.14429e-01	1.495e+03	2.611e-01	4.927e-02	3.104e-01
6.12385e-01	1.505e+03	2.629e-01	5.095e-02	3.138e-01
6.10347e-01	1.521e+03	2.657e-01	4.894e-02	3.147e-01
6.08316e-01	1.534e+03	2.680e-01	4.877e-02	3.168e-01
6.06292e-01	1.551e+03	2.710e-01	4.862e-02	3.196e-01
6.04275e-01	1.566e+03	2.736e-01	4.854e-02	3.222e-01
6.02264e-01	1.581e+03	2.761e-01	4.828e-02	3.244e-01
6.00260e-01	1.595e+03	2.787e-01	4.843e-02	3.271e-01
5.98263e-01	1.610e+03	2.813e-01	4.797e-02	3.293e-01
5.96272e-01	1.624e+03	2.838e-01	4.781e-02	3.316e-01
5.94288e-01	1.640e+03	2.865e-01	4.766e-02	3.341e-01
5.92311e-01	1.656e+03	2.893e-01	4.751e-02	3.368e-01
5.90340e-01	1.671e+03	2.895e-01	5.889e-02	3.484e-01
5.88376e-01	1.624e+03	2.838e-01	3.036e+00	3.320e+00
5.86418e-01	1.699e+03	2.968e-01	4.706e-02	3.439e-01
5.84466e-01	1.717e+03	3.001e-01	4.704e-02	3.471e-01
5.82522e-01	1.734e+03	3.029e-01	4.677e-02	3.496e-01
5.80583e-01	1.730e+03	3.023e-01	4.693e-02	3.492e-01
5.78652e-01	1.765e+03	3.084e-01	4.649e-02	3.549e-01
5.76726e-01	1.781e+03	3.112e-01	4.635e-02	3.576e-01
5.74807e-01	1.798e+03	3.142e-01	2.543e-01	5.685e-01
5.72895e-01	1.815e+03	3.170e-01	4.798e-02	3.650e-01
5.70988e-01	1.831e+03	3.199e-01	4.596e-02	3.659e-01
5.69088e-01	1.842e+03	3.219e-01	4.752e-02	3.694e-01
5.67195e-01	1.861e+03	3.252e-01	5.032e-02	3.755e-01
5.65307e-01	1.878e+03	3.282e-01	4.856e-02	3.767e-01
5.63426e-01	1.896e+03	3.312e-01	4.574e-02	3.770e-01
5.61552e-01	1.915e+03	3.346e-01	4.602e-02	3.806e-01
5.59683e-01	1.909e+03	3.335e-01	4.543e-02	3.789e-01
5.57821e-01	1.949e+03	3.405e-01	4.810e-02	3.886e-01
5.55965e-01	1.967e+03	3.436e-01	5.124e-02	3.948e-01
5.54115e-01	1.985e+03	3.468e-01	1.842e-01	5.309e-01
5.52271e-01	1.989e+03	3.475e-01	2.386e-01	5.861e-01
5.50433e-01	2.010e+03	3.512e-01	4.557e-02	3.968e-01
5.48602e-01	2.040e+03	3.564e-01	4.554e-02	4.020e-01
5.46776e-01	2.058e+03	3.596e-01	4.443e-02	4.040e-01
5.44957e-01	2.078e+03	3.630e-01	4.481e-02	4.078e-01
5.43144e-01	2.096e+03	3.663e-01	6.975e-02	4.360e-01
5.41336e-01	2.048e+03	3.577e-01	3.171e-01	6.748e-01
5.39535e-01	2.135e+03	3.729e-01	4.404e-02	4.170e-01
5.37740e-01	2.155e+03	3.766e-01	5.167e-02	4.282e-01
5.35951e-01	2.175e+03	3.800e-01	4.485e-02	4.248e-01
5.34167e-01	2.195e+03	3.835e-01	7.614e-02	4.596e-01
5.32390e-01	2.215e+03	3.870e-01	4.381e-02	4.308e-01
5.30618e-01	2.236e+03	3.906e-01	4.622e-02	4.368e-01
5.28853e-01	2.256e+03	3.941e-01	4.619e-02	4.403e-01
5.27093e-01	2.277e+03	3.977e-01	3.247e+00	3.645e+00
5.25339e-01	2.290e+03	4.001e-01	4.337e-02	4.434e-01
5.23591e-01	2.319e+03	4.051e-01	4.400e-02	4.491e-01
5.21849e-01	2.339e+03	4.087e-01	5.528e-02	4.640e-01
5.20113e-01	2.359e+03	4.122e-01	1.532e-01	5.654e-01
5.18382e-01	2.382e+03	4.161e-01	4.579e-02	4.619e-01
5.16657e-01	2.404e+03	4.200e-01	4.036e-01	8.236e-01
5.14938e-01	2.426e+03	4.238e-01	4.295e-02	4.667e-01
5.13225e-01	2.447e+03	4.275e-01	4.290e-02	4.704e-01
5.11517e-01	2.469e+03	4.314e-01	7.939e-02	5.108e-01
5.09815e-01	2.493e+03	4.355e-01	4.277e-02	4.782e-01
5.08118e-01	2.515e+03	4.394e-01	1.254e-01	5.649e-01
5.06428e-01	2.538e+03	4.434e-01	4.270e-02	4.861e-01
5.04743e-01	2.552e+03	4.458e-01	8.674e-02	5.326e-01
5.03063e-01	2.581e+03	4.510e-01	4.295e-02	4.939e-01
5.01389e-01	2.574e+03	4.496e-01	1.070e+01	1.115e+01
